wavelength [uTIRS1 10.8um band average
            9          0.000763335
         9.05          0.000763708
          9.1          0.000737975
         9.15          0.000798954
          9.2           0.00088255
         9.25          0.000756846
          9.3          0.000686285
         9.35          0.000729633
          9.4          0.000766482
         9.45          0.000803796
          9.5          0.000749009
         9.55           0.00085017
          9.6          0.000605446
         9.65          0.000759771
          9.7          0.000718413
         9.75           0.00052353
          9.8          0.000766248
         9.85          0.000534019
          9.9           0.00093096
         9.95          0.000671105
           10           0.00065934
        10.05          0.000790663
         10.1          0.000740077
        10.15          0.000639067
         10.2          0.002035972
        10.25          0.004001183
         10.3           0.00779829
        10.35           0.01622384
         10.4          0.031957661
        10.45          0.066079988
         10.5          0.138395248
        10.55          0.278406982
         10.6          0.505662398
        10.65          0.725864199
         10.7          0.808512638
        10.75          0.841080412
         10.8          0.843348592
        10.85          0.873433585
         10.9          0.915442775
        10.95          0.978028907
           11                    1
        11.05          0.990887898
         11.1          0.871548375
        11.15          0.653390796
         11.2          0.409641209
        11.25          0.241318408
         11.3          0.135921801
        11.35          0.071255784
         11.4           0.03303582
        11.45          0.013324356
         11.5          0.004793075
        11.55          0.002237446
         11.6          0.001209535
        11.65          0.000782368
         11.7          0.001073722
        11.75          0.001171962
         11.8          0.001118961
        11.85          0.000986674
         11.9          0.000751326
        11.95                    0
           12          0.001205395
        12.05            0.0011701
         12.1          0.000813568
        12.15          0.000603239
         12.2          0.001019167
        12.25          0.000794924
         12.3          0.000659588
        12.35           0.00031796
         12.4          0.001274607
        12.45          0.000981931
         12.5          0.001044689
        12.55          0.000678713
         12.6          0.000834402
        12.65          0.000117475
         12.7          0.000334226
        12.75           0.00054671
         12.8          0.000633978
        12.85          0.000547082
         12.9          0.000663742
        12.95          0.000657596
           13          0.000882707
        13.05          0.000676701
         13.1          0.000965201
        13.15          0.000870706
         13.2          0.000841041
        13.25          0.000887128
         13.3          0.000932929
        13.35          0.000948617
         13.4          0.000918639
        13.45          0.000740983
         13.5          0.000739966
        13.55          0.000797587
         13.6          0.000786205
        13.65          0.000800559
         13.7          0.000820018
        13.75          0.000813102
         13.8           0.00079525
        13.85          0.000816069
         13.9          0.000783023
        13.95           0.00079769
           14          0.000785451