<HTML>
<TITLE>University of Wyoming - Radiosonde Data</TITLE>
<LINK REL="StyleSheet" HREF="/resources/select.css" TYPE="text/css">
<BODY BGCOLOR="white">
<H2>61980 FMEE Saint-Denis Observations at 12Z 26 Jul 2016</H2>
<PRE>
-----------------------------------------------------------------------------
   PRES   HGHT   TEMP   DWPT   RELH   MIXR   DRCT   SKNT   THTA   THTE   THTV
    hPa     m      C      C      %    g/kg    deg   knot     K      K      K 
-----------------------------------------------------------------------------
 1019.0      9   24.2   13.2     50   9.44    100     17  295.8  323.3  297.4
 1000.0    169   22.4   12.4     53   9.12    115     19  295.6  322.1  297.2
  990.0    256   21.4   12.0     55   8.97    125     20  295.4  321.6  297.0
  947.0    639   17.2   10.2     63   8.31    125     21  294.9  319.1  296.4
  925.0    839   15.8    8.8     63   7.74    125     21  295.5  318.1  296.8
  850.0   1550   10.2    6.4     77   7.14    125     23  296.8  317.9  298.1
  832.0   1728    8.8    5.5     80   6.85    125     23  297.2  317.5  298.4
  796.0   2092    6.7    4.5     86   6.66    125     24  298.7  318.5  299.9
  738.0   2713    3.0    2.7     98   6.34    134     20  301.2  320.3  302.3
  733.0   2769    4.7   -4.9     50   3.63    135     20  303.6  315.0  304.2
  720.0   2916    9.0  -25.0      7   0.70    114     17  309.9  312.4  310.1
  700.0   3149    8.8  -25.2      7   0.71     80     12  312.2  314.7  312.3
  683.0   3352    8.8  -25.2      7   0.73     51      8  314.4  317.0  314.5
  654.0   3701    6.9  -26.6      7   0.67      0      0  316.1  318.6  316.3
  548.0   5123   -1.0  -32.2      7   0.47    190      7  323.2  324.9  323.2
  500.0   5860   -5.1  -35.1      7   0.39    265     11  326.8  328.3  326.8
  478.0   6214   -7.1  -37.1      7   0.33    305     13  328.5  329.8  328.6
  467.0   6392   -8.5  -38.1      7   0.31    325     14  329.0  330.2  329.1
  400.0   7580  -17.7  -44.7      8   0.18    290     11  331.9  332.6  331.9
  381.0   7935  -20.7  -47.1      7   0.14    275     10  332.6  333.2  332.7
  340.0   8765  -27.6  -52.8      7   0.08    260     25  334.2  334.6  334.2
  335.0   8873  -28.5  -53.5      7   0.08    265     29  334.4  334.7  334.4
  321.0   9179  -27.8  -52.8      7   0.09    280     41  339.4  339.9  339.5
  319.0   9223  -27.7  -52.7      7   0.09    280     41  340.2  340.6  340.2
  300.0   9660  -30.9  -54.9      8   0.07    275     38  341.7  342.0  341.7
  277.0  10218  -35.0  -58.5      7   0.05    270     34  343.6  343.9  343.6
  260.0  10661  -38.3  -61.3      7   0.04    259     41  345.1  345.3  345.1
  254.0  10821  -39.5  -61.9      7   0.04    255     43  345.6  345.8  345.6
  250.0  10930  -40.3  -62.3      8   0.04    260     44  346.0  346.2  346.0
  200.0  12410  -52.3  -73.3      6   0.01    295     56  349.8  349.8  349.8
  184.0  12931  -56.7  -76.7      6   0.01    305     61  351.1  351.1  351.1
  157.0  13924  -65.1  -83.1      7   0.00    305     45  353.1  353.1  353.1
  150.0  14200  -66.1  -84.1      6   0.00    305     40  356.0  356.0  356.0
  121.0  15487  -70.6  -87.7      7   0.00    300     18  370.4  370.4  370.4
  118.0  15637  -71.1  -88.1      7   0.00    296     18  372.1  372.1  372.1
  106.0  16263  -75.7  -91.9      6   0.00    280     16  375.0  375.0  375.0
  103.0  16430  -76.9  -92.9      6   0.00    290     16  375.7  375.7  375.7
  100.0  16600  -77.3  -93.3      6   0.00    300     15  378.1  378.1  378.1
   91.5  17107  -78.7  -90.7     13   0.00    328     13  385.1  385.1  385.1
   91.0  17139  -78.5  -90.6     13   0.00    330     13  386.1  386.1  386.1
   79.7  17905  -73.1  -87.1     10   0.00    214     10  412.1  412.1  412.1
   78.0  18031  -73.0  -87.3     10   0.00    195      9  414.8  414.9  414.8
   65.3  19074  -72.3  -89.3      6   0.00     73      7  438.0  438.0  438.0
   65.0  19101  -72.1  -89.2      6   0.00     70      7  439.1  439.1  439.1
   57.2  19866  -65.5  -85.5      5   0.00     93      7  470.3  470.3  470.3
   52.0  20444  -65.8  -88.1      3   0.00    110      7  482.5  482.5  482.5
   48.3  20892  -66.1  -90.1      2   0.00     54      3  492.1  492.2  492.1
   45.0  21328  -64.4  -89.0      2   0.00      0      0  506.2  506.3  506.2
   41.0  21901  -62.2  -87.5      2   0.00    165     13  525.3  525.4  525.3
   36.8  22566  -59.7  -85.7      2   0.01     93      7  548.4  548.4  548.4
   32.2  23398  -60.7  -86.7      2   0.01      4      0  567.0  567.1  567.0
   32.0  23438  -60.5  -86.5      2   0.01      0      0  568.6  568.6  568.6
   30.0  23846  -58.4  -85.0      2   0.01    110     12  584.9  585.0  584.9
   27.0  24513  -54.9  -82.4      2   0.02      0      0  612.5  612.7  612.5
   25.4  24900  -52.9  -80.9      2   0.02    127      7  629.0  629.2  629.0
   25.0  25002  -53.2  -81.1      2   0.02    160      9  630.9  631.1  630.9
   23.0  25537  -55.1  -82.1      2   0.02    119      7  640.7  640.9  640.7
   18.0  27129  -48.7  -77.4      2   0.06      0      0  707.4  707.9  707.4
   17.2  27424  -47.5  -76.5      2   0.07    339      5  720.4  721.1  720.4
   15.0  28320  -51.1  -82.9      1   0.03    275     21  737.0  737.3  737.0
   14.8  28408  -51.5  -83.5      1   0.03    275     19  738.7  739.0  738.7
   13.0  29267  -47.0  -80.4      1   0.05    270      3  782.2  782.7  782.2
   11.3  30196  -42.1  -77.1      1   0.09    228     11  831.7  832.9  831.8
   11.0  30378  -42.2  -77.2      1   0.10    220     13  837.9  839.1  838.0
   10.0  31021  -42.4  -77.4      1   0.10    255     19  860.3  861.5  860.3
    8.6  32040  -42.7  -77.7      1   0.11    230     16  896.9  898.3  896.9
    7.0  33452  -38.8  -75.3      1   0.20    195     11  967.3  970.1  967.4
    6.0  34510  -35.9  -73.5      1   0.31    215      9 1023.5 1028.0 1023.6
    5.7  34862  -34.9  -72.9      1   0.35               1042.8 1048.1 1043.0
</PRE><H3>Station information and sounding indices</H3><PRE>
                         Station identifier: FMEE
                             Station number: 61980
                           Observation time: 160726/1200
                           Station latitude: -20.88
                          Station longitude: 55.53
                          Station elevation: 9.0
                            Showalter index: 12.54
                               Lifted index: 10.51
    LIFT computed using virtual temperature: 10.22
                                SWEAT index: 133.79
                                    K index: -12.30
                         Cross totals index: 11.50
                      Vertical totals index: 15.30
                        Totals totals index: 26.80
      Convective Available Potential Energy: 6.15
             CAPE using virtual temperature: 10.73
                      Convective Inhibition: -22.33
             CINS using virtual temperature: -12.21
                           Equilibrum Level: 737.23
 Equilibrum Level using virtual temperature: 736.81
                   Level of Free Convection: 785.74
             LFCT using virtual temperature: 817.52
                     Bulk Richardson Number: 0.97
          Bulk Richardson Number using CAPV: 1.70
  Temp [K] of the Lifted Condensation Level: 283.03
Pres [hPa] of the Lifted Condensation Level: 860.75
     Mean mixed layer potential temperature: 295.43
              Mean mixed layer mixing ratio: 8.97
              1000 hPa to 500 hPa thickness: 5691.00
Precipitable water [mm] for entire sounding: 23.91
</PRE>
<P>Description of the 
<A HREF="/upperair/columns.html">data columns</A>
or <A HREF="/upperair/indices.html">sounding indices</A>.

<P>
<FORM>
<INPUT CLASS="button" TYPE="button" VALUE=" Close this window " 
 onClick="window.close();">
<INPUT CLASS="button" TYPE="button" VALUE=" Select another map " 
 onClick="window.blur();">
</FORM>
<HR SIZE="1">
<I>Interested in graduate studies in atmospheric science?
Check out our program at the
<a href="http://www.uwyo.edu/atsc/howtoapply/"
target=_top>University of Wyoming
</a></I>
<HR SIZE="1"><FONT SIZE="-1">
Questions about the weather data provided by this site can be
addressed to <A HREF="mailto:ldoolman@uwyo.edu">
Larry Oolman (ldoolman@uwyo.edu)</A></FONT>
<HR SIZE="1">
<SCRIPT TYPE="text/javascript">
<!--
window.focus();
// -->
</SCRIPT>
</BODY>
</HTML>
