<HTML>
<TITLE>University of Wyoming - Radiosonde Data</TITLE>
<LINK REL="StyleSheet" HREF="/resources/select.css" TYPE="text/css">
<BODY BGCOLOR="white">
<H2>89062  Rothera Observations at 12Z 26 Jul 2016</H2>
<PRE>
-----------------------------------------------------------------------------
   PRES   HGHT   TEMP   DWPT   RELH   MIXR   DRCT   SKNT   THTA   THTE   THTV
    hPa     m      C      C      %    g/kg    deg   knot     K      K      K 
-----------------------------------------------------------------------------
 1011.0     16  -23.1  -25.7     79   0.47      0      0  249.3  250.6  249.3
 1010.0     23  -23.3  -27.7     67   0.39     11      1  249.1  250.2  249.2
 1002.0     75  -23.1  -25.9     78   0.47     95      5  249.9  251.2  249.9
 1000.0     88  -23.1  -25.4     81   0.49     95      4  250.1  251.4  250.1
  994.0    132  -23.4  -25.4     84   0.49     95      3  250.2  251.6  250.2
  992.0    147  -23.5  -25.4     84   0.49    102      3  250.2  251.6  250.3
  985.0    199  -23.3  -25.5     82   0.49    125      2  250.9  252.3  251.0
  978.0    251  -23.1  -25.6     80   0.49    215      2  251.6  253.0  251.7
  976.0    266  -22.7  -25.3     80   0.51    235      2  252.2  253.6  252.2
  972.0    296  -22.0  -24.6     79   0.54    245      2  253.2  254.7  253.3
  968.0    327  -21.3  -24.0     79   0.57    215      1  254.2  255.8  254.3
  967.0    334  -21.1  -23.8     79   0.58    188      1  254.5  256.1  254.6
  966.0    342  -21.1  -24.0     78   0.57    160      1  254.5  256.1  254.6
  964.0    357  -21.2  -24.3     76   0.56    140      2  254.6  256.1  254.6
  963.0    365  -21.3  -24.5     75   0.55    135      2  254.6  256.1  254.7
  959.0    395  -21.3  -24.6     75   0.55    115      3  254.9  256.4  255.0
  958.0    403  -21.3  -24.6     75   0.55    112      3  255.0  256.5  255.0
  955.0    427  -15.5  -21.5     60   0.72    104      2  261.1  263.1  261.2
  953.0    442  -14.7  -22.7     51   0.65     98      2  262.0  263.9  262.1
  952.0    450  -14.8  -22.8     51   0.65     95      2  262.0  263.9  262.1
  947.0    490  -15.1  -23.1     50   0.63     97      5  262.1  263.9  262.2
  945.0    506  -15.1  -23.1     50   0.63     98      7  262.2  264.1  262.4
  941.0    538  -12.9  -21.9     47   0.71    100      9  264.8  266.9  264.9
  940.0    547  -12.7  -21.8     47   0.72    100     10  265.1  267.2  265.2
  938.0    563  -12.3  -21.6     46   0.73    100     10  265.6  267.8  265.7
  932.0    612  -11.2  -21.0     44   0.77     90      5  267.2  269.5  267.4
  929.0    637  -10.7  -20.7     44   0.80     85      1  268.0  270.4  268.2
  928.0    645  -10.6  -20.6     44   0.80      0      0  268.2  270.6  268.4
  926.0    662  -10.4  -20.4     44   0.82      0      0  268.6  271.0  268.7
  925.0    670  -10.3  -20.3     44   0.83    260      2  268.8  271.2  268.9
  922.0    695  -10.1  -20.1     44   0.85    254      5  269.2  271.7  269.4
  918.0    729   -9.2  -19.8     42   0.87    245     10  270.5  273.1  270.6
  915.0    754   -8.5  -19.5     41   0.90    250     13  271.4  274.1  271.6
  912.0    779   -6.7  -18.7     38   0.96    254     14  273.6  276.4  273.7
  904.0    848   -6.4  -18.4     38   1.00    265     15  274.6  277.6  274.7
  902.0    866   -6.3  -18.3     38   1.01    264     16  274.8  277.9  275.0
  871.0   1138   -7.3  -18.3     41   1.04    256     26  276.6  279.7  276.7
  850.0   1328   -8.7  -18.7     44   1.03    250     33  277.0  280.1  277.2
  838.0   1438   -9.5  -19.5     44   0.98    244     36  277.3  280.3  277.5
  830.0   1512   -9.5  -19.5     44   0.99    240     38  278.1  281.1  278.2
  828.0   1531   -9.5  -19.5     44   0.99    240     38  278.3  281.3  278.4
  739.0   2398  -14.2  -33.0     19   0.32    225     35  282.3  283.3  282.3
  700.0   2811  -16.5  -39.5     12   0.18    220     38  284.2  284.8  284.2
  689.0   2930  -17.3  -39.3     13   0.18    218     39  284.6  285.2  284.6
  675.0   3084  -17.7  -40.4     12   0.17    215     40  285.8  286.4  285.8
  649.0   3378  -18.5  -42.5     10   0.14    215     41  288.1  288.6  288.1
  626.0   3647  -20.1  -40.1     15   0.19    215     42  289.3  289.9  289.3
  622.0   3695  -20.5  -29.5     44   0.54    215     42  289.4  291.1  289.4
  613.0   3802  -21.3  -31.3     40   0.46    215     43  289.6  291.2  289.7
  610.0   3839  -21.7  -26.7     64   0.71    215     43  289.6  291.9  289.7
  600.0   3961  -22.3  -30.3     48   0.52    215     43  290.3  292.0  290.4
  589.0   4095  -23.1  -30.3     52   0.53    215     44  290.8  292.6  290.9
  576.0   4258  -24.1  -30.3     57   0.54    220     49  291.5  293.3  291.6
  554.0   4542  -25.9  -30.3     66   0.56    215     49  292.7  294.6  292.8
  539.0   4742  -27.1  -30.3     74   0.57    216     50  293.6  295.5  293.7
  500.0   5280  -31.5  -35.1     70   0.39    220     53  294.6  295.9  294.6
  436.0   6229  -39.7  -44.2     62   0.17    217     55  295.9  296.6  296.0
  400.0   6810  -44.9  -48.8     65   0.11    215     57  296.6  297.0  296.6
  369.0   7345  -49.9  -53.1     69   0.07    215     61  296.8  297.1  296.8
  336.0   7948  -54.9  -58.0     68   0.04    215     65  298.0  298.2  298.0
  313.0   8404  -58.7  -61.8     67   0.03    215     62  298.9  299.0  298.9
  300.0   8670  -60.1  -63.6     63   0.02    215     71  300.5  300.6  300.5
  291.0   8859  -61.3  -65.4     58   0.02    215     74  301.4  301.5  301.4
  278.0   9136  -63.8  -67.8     58   0.02    215     78  301.9  301.9  301.9
  258.0   9589  -67.8  -71.6     58   0.01    215     73  302.4  302.5  302.4
  250.0   9780  -69.5  -73.2     58   0.01    215     75  302.6  302.7  302.6
  237.0  10097  -72.3  -75.7     60   0.01    215     78  303.1  303.1  303.1
  235.0  10147  -72.7  -76.1     60   0.01    214     79  303.2  303.2  303.2
  226.0  10375  -73.3  -76.8     58   0.00    210     86  305.7  305.7  305.7
  218.0  10586  -73.8  -77.5     57   0.00    210     83  308.0  308.1  308.0
  211.0  10777  -74.3  -78.2     55   0.00    205     90  310.2  310.2  310.2
  200.0  11090  -75.1  -79.2     53   0.00    205     79  313.7  313.7  313.7
  198.0  11148  -75.1  -79.3     52   0.00    205     79  314.6  314.6  314.6
  189.0  11418  -74.9  -79.9     46   0.00    201     71  319.1  319.1  319.1
  187.0  11479  -75.2  -80.2     46   0.00    200     69  319.5  319.6  319.5
  178.0  11762  -76.8  -81.6     46   0.00    200     72  321.5  321.5  321.5
  172.0  11960  -77.9  -82.6     47   0.00    200     69  322.9  322.9  322.9
  168.0  12094  -77.9  -82.7     46   0.00    200     64  325.0  325.0  325.0
  150.0  12740  -78.1  -83.1     44   0.00    210     71  335.4  335.4  335.4
  146.0  12894  -78.9  -83.9     44   0.00    213     70  336.6  336.6  336.6
  143.0  13013  -78.5  -83.8     43   0.00    215     70  339.3  339.3  339.3
  134.0  13384  -77.3  -83.3     38   0.00    211     80  347.8  347.8  347.8
  133.0  13427  -77.4  -83.4     38   0.00    210     81  348.4  348.4  348.4
  129.0  13601  -77.8  -83.8     38   0.00    210     76  350.6  350.6  350.6
  124.0  13827  -78.4  -84.4     37   0.00    215     71  353.6  353.6  353.6
  123.0  13874  -78.5  -84.5     37   0.00    216     72  354.2  354.2  354.2
  118.0  14113  -76.3  -83.4     32   0.00    220     79  362.5  362.5  362.5
  114.0  14311  -74.5  -82.5     28   0.00    214     74  369.4  369.5  369.4
  111.0  14466  -74.9  -83.3     26   0.00    210     71  371.6  371.6  371.6
  101.0  15012  -76.2  -86.0     20   0.00    210     62  379.2  379.3  379.2
  100.0  15070  -76.3  -86.3     19   0.00    205     63  380.1  380.1  380.1
   98.0  15185  -76.8  -86.8     19   0.00    205     68  381.3  381.3  381.3
   93.0  15484  -78.1  -88.1     19   0.00    210     63  384.6  384.6  384.6
   85.5  15964  -80.1  -90.1     18   0.00    196     45  389.8  389.8  389.8
   85.0  15996  -80.3  -90.3     18   0.00    195     44  389.9  389.9  389.9
   77.0  16543  -84.4  -93.4     20   0.00    200     54  392.6  392.6  392.6
   69.8  17085  -88.5  -96.5     22   0.00    209     46  395.1  395.1  395.1
   69.0  17148  -88.5  -96.5     22   0.00    210     45  396.4  396.4  396.4
   68.9  17156  -88.5  -96.5     22   0.00                396.5  396.5  396.5
</PRE><H3>Station information and sounding indices</H3><PRE>
                             Station number: 89062
                           Observation time: 160726/1200
                           Station latitude: -67.57
                          Station longitude: -68.13
                          Station elevation: 16.0
                            Showalter index: 12.28
                               Lifted index: 32.44
    LIFT computed using virtual temperature: 32.49
                                SWEAT index: 119.00
                                    K index: -18.90
                         Cross totals index: 12.80
                      Vertical totals index: 22.80
                        Totals totals index: 35.60
      Convective Available Potential Energy: 0.00
             CAPE using virtual temperature: 0.00
                      Convective Inhibition: 0.00
             CINS using virtual temperature: 0.00
                     Bulk Richardson Number: 0.00
          Bulk Richardson Number using CAPV: 0.00
  Temp [K] of the Lifted Condensation Level: 247.66
Pres [hPa] of the Lifted Condensation Level: 920.46
     Mean mixed layer potential temperature: 253.63
              Mean mixed layer mixing ratio: 0.53
              1000 hPa to 500 hPa thickness: 5192.00
Precipitable water [mm] for entire sounding: 3.30
</PRE>
<P>Description of the 
<A HREF="/upperair/columns.html">data columns</A>
or <A HREF="/upperair/indices.html">sounding indices</A>.

<P>
<FORM>
<INPUT CLASS="button" TYPE="button" VALUE=" Close this window " 
 onClick="window.close();">
<INPUT CLASS="button" TYPE="button" VALUE=" Select another map " 
 onClick="window.blur();">
</FORM>
<HR SIZE="1">
<I>Interested in graduate studies in atmospheric science?
Check out our program at the
<a href="http://www.uwyo.edu/atsc/howtoapply/"
target=_top>University of Wyoming
</a></I>
<HR SIZE="1"><FONT SIZE="-1">
Questions about the weather data provided by this site can be
addressed to <A HREF="mailto:ldoolman@uwyo.edu">
Larry Oolman (ldoolman@uwyo.edu)</A></FONT>
<HR SIZE="1">
<SCRIPT TYPE="text/javascript">
<!--
window.focus();
// -->
</SCRIPT>
</BODY>
</HTML>
