<HTML>
<TITLE>University of Wyoming - Radiosonde Data</TITLE>
<LINK REL="StyleSheet" HREF="/resources/select.css" TYPE="text/css">
<BODY BGCOLOR="white">
<H2>96163 WIMG Padang Observations at 00Z 26 Jul 2016</H2>
<PRE>
-----------------------------------------------------------------------------
   PRES   HGHT   TEMP   DWPT   RELH   MIXR   DRCT   SKNT   THTA   THTE   THTV
    hPa     m      C      C      %    g/kg    deg   knot     K      K      K 
-----------------------------------------------------------------------------
 1010.0      3   22.8   20.9     89  15.67     30      2  295.1  340.2  297.9
 1003.0     64   25.6   20.6     74  15.48     33      1  298.5  343.7  301.3
 1001.0     82   26.4   21.4     74  16.32     35      1  299.5  347.3  302.4
 1000.0     91   26.6   21.6     74  16.54     35      1  299.8  348.3  302.7
  995.0    135   26.6   21.6     74  16.62     27      1  300.2  349.1  303.2
  980.0    269   25.6   21.5     78  16.78      5      0  300.5  349.9  303.5
  977.0    296   25.4   21.1     77  16.40      0      0  300.6  348.9  303.5
  972.0    341   25.2   20.4     75  15.79    347      0  300.8  347.3  303.6
  964.0    413   26.2   15.2     51  11.39    325      1  302.5  336.5  304.6
  944.0    596   24.7   14.2     52  10.88    270      2  302.8  335.3  304.8
  925.0    774   23.2   13.2     53  10.41    245      2  303.0  334.2  304.9
  912.0    897   22.1   13.3     57  10.65    225      3  303.1  335.1  305.1
  855.0   1460   17.2   13.9     81  11.81    262      6  303.6  339.0  305.8
  851.0   1501   17.0   13.4     79  11.49    265      6  303.9  338.4  306.0
  850.0   1511   17.0   13.3     79  11.42    265      5  303.9  338.2  306.0
  765.0   2402   13.2    5.2     58   7.31    255     12  309.2  331.9  310.5
  747.0   2603   12.4    3.4     54   6.58    248     14  310.4  331.0  311.6
  742.0   2659   12.2    6.2     67   8.08    246     14  310.8  335.9  312.3
  736.0   2727   12.2    1.2     47   5.70    244     15  311.5  329.5  312.5
  724.0   2864   11.2    3.2     58   6.70    239     16  311.8  332.9  313.1
  713.0   2992   11.2   -3.8     35   4.07    235     18  313.2  326.4  314.0
  701.0   3133   10.4   -6.6     30   3.34    230     19  313.8  324.8  314.5
  700.0   3145   10.4   -8.6     25   2.87    230     19  314.0  323.5  314.5
  686.0   3312    9.0   -7.0     32   3.31    226     18  314.2  325.1  314.9
  678.0   3409    8.0    1.0     61   6.11    223     18  314.2  333.7  315.3
  668.0   3532    7.2    3.0     75   7.16    220     17  314.6  337.4  316.0
  593.0   4499    0.9   -1.6     83   5.76    195     13  318.2  336.9  319.3
  583.0   4637    0.0   -2.3     84   5.57    193     12  318.7  336.9  319.8
  550.0   5100   -3.4   -4.5     92   5.02    185     10  320.1  336.6  321.0
  541.0   5231   -4.3   -5.1     94   4.87    179     11  320.4  336.5  321.4
  530.0   5393   -5.5   -6.4     93   4.50    171     13  320.9  335.8  321.8
  528.0   5423   -5.5   -6.4     93   4.51    170     13  321.2  336.2  322.1
  522.0   5512   -4.5   -9.5     68   3.58    166     14  323.5  335.6  324.2
  521.0   5527   -4.5  -11.5     58   3.06    165     15  323.7  334.1  324.3
  506.0   5757   -5.9  -13.9     53   2.59    154     17  324.7  333.7  325.2
  500.0   5850   -6.3  -15.3     49   2.34    150     18  325.3  333.5  325.8
  491.0   5993   -7.3  -14.1     58   2.63    140     19  325.7  334.9  326.2
  488.0   6041   -7.7  -13.7     62   2.74    140     19  325.8  335.3  326.4
  482.0   6138   -8.3  -11.9     75   3.21    139     19  326.3  337.3  326.9
  437.0   6894  -13.3  -16.1     79   2.50    135     19  329.2  338.0  329.7
  425.0   7109  -14.7  -17.3     81   2.33    121     20  330.0  338.3  330.5
  406.0   7457  -15.7  -17.9     83   2.32     99     21  333.1  341.4  333.5
  403.0   7513  -16.0  -18.4     82   2.24     95     21  333.4  341.5  333.9
  400.0   7570  -16.3  -18.9     80   2.16     95     22  333.7  341.5  334.1
  320.0   9203  -28.9  -29.7     93   1.02     90     25  338.2  342.2  338.4
  316.0   9292  -29.5  -30.7     89   0.94     90     25  338.6  342.3  338.8
  300.0   9660  -31.9  -34.9     75   0.66     70     17  340.3  342.9  340.4
  278.0  10189  -36.3  -39.4     73   0.45     65     26  341.5  343.3  341.6
  260.0  10654  -40.1  -43.4     71   0.32     62     29  342.4  343.8  342.5
  250.0  10920  -42.5                          60     30  342.7         342.7
  200.0  12390  -55.1                          65     37  345.4         345.4
  176.0  13177  -61.7                          60     54  347.4         347.4
  150.0  14160  -69.9                          70     65  349.5         349.5
  135.0  14779  -75.3                          78     65  350.6         350.6
  119.0  15504  -78.9                          89     66  356.9         356.9
  117.0  15600  -79.7                          90     66  357.1         357.1
  115.0  15697  -80.5                          92     64  357.4         357.4
  113.0  15796  -81.1                          93     63  358.1         358.1
  111.0  15899  -78.7                          95     61  364.4         364.4
  105.0  16220  -71.3                          71     46  384.3         384.3
  100.0  16510  -68.9                          50     33  394.4         394.4
   91.0  17063  -71.2                         100     14  400.6         400.6
   86.0  17394  -72.5                         185      8  404.4         404.4
   82.0  17673  -73.7                         230     10  407.6         407.6
   70.0  18600  -77.5                         210     17  418.3         418.3
   69.4  18649  -77.9                         210     16  418.4         418.4
   66.0  18940  -72.4                         120     12  436.5         436.5
   65.6  18975  -71.7                         114     14  438.7         438.7
   63.0  19214  -70.4                          75     26  446.8         446.8
   61.0  19404  -69.3                          65     34  453.3         453.3
   60.0  19502  -69.8                          60     38  454.3         454.3
   57.5  19754  -71.1                          70     43  456.9         456.9
   54.0  20131  -65.4                          85     50  478.2         478.2
   52.5  20301  -62.9                         104     36  488.0         488.0
   52.0  20359  -62.8                         110     31  489.5         489.5
   50.0  20600  -62.5                         145     24  495.8         495.8
   49.0  20725  -62.5                         160     24  498.6         498.6
   46.7  21021  -62.5                         169     20  505.5         505.5
   44.2  21361  -61.5                         180     16  516.0         516.0
   42.9  21547  -57.7                         186     14  529.8         529.8
   41.0  21835  -55.7                         195     10  541.6         541.6
   39.5  22072  -54.1                         240     14  551.5         551.5
   39.0  22153  -54.3                         255     15  552.9         552.9
   33.8  23065  -56.9                         266     39  569.2         569.2
   32.0  23411  -56.8                         270     48  578.4         578.4
   30.0  23820  -56.7                         275     47  589.5         589.5
   27.0  24490  -56.2                         285     47  608.9         608.9
   23.0  25509  -55.5                         260     15  639.6         639.6
   22.0  25792  -55.3                         240     17  648.4         648.4
   21.2  26027  -55.1                         246     21  655.8         655.8
   20.0  26400  -53.9                         255     28  670.4         670.4
   18.0  27082  -52.0                         265     20  696.9         696.9
   16.2  27764  -50.1                         252     30  724.4         724.4
   16.0  27845  -50.0                         250     31  727.1         727.1
   13.1  29154  -49.1                         260     31  773.2         773.2
   12.0  29733  -46.9                         265     31  800.4         800.4
   11.6  29957  -46.1                                     811.2         811.2
</PRE><H3>Station information and sounding indices</H3><PRE>
                         Station identifier: WIMG
                             Station number: 96163
                           Observation time: 160726/0000
                           Station latitude: -0.88
                          Station longitude: 100.35
                          Station elevation: 3.0
                            Showalter index: 1.35
                               Lifted index: -1.11
    LIFT computed using virtual temperature: -1.58
                                SWEAT index: 187.59
                                    K index: 17.60
                         Cross totals index: 19.60
                      Vertical totals index: 23.30
                        Totals totals index: 42.90
      Convective Available Potential Energy: 270.94
             CAPE using virtual temperature: 318.25
                      Convective Inhibition: -142.14
             CINS using virtual temperature: -69.33
                           Equilibrum Level: 263.92
 Equilibrum Level using virtual temperature: 251.21
                   Level of Free Convection: 657.54
             LFCT using virtual temperature: 690.94
                     Bulk Richardson Number: 26.52
          Bulk Richardson Number using CAPV: 31.15
  Temp [K] of the Lifted Condensation Level: 291.37
Pres [hPa] of the Lifted Condensation Level: 898.67
     Mean mixed layer potential temperature: 300.42
              Mean mixed layer mixing ratio: 15.05
              1000 hPa to 500 hPa thickness: 5759.00
Precipitable water [mm] for entire sounding: 47.41
</PRE>
<P>Description of the 
<A HREF="/upperair/columns.html">data columns</A>
or <A HREF="/upperair/indices.html">sounding indices</A>.

<P>
<FORM>
<INPUT CLASS="button" TYPE="button" VALUE=" Close this window " 
 onClick="window.close();">
<INPUT CLASS="button" TYPE="button" VALUE=" Select another map " 
 onClick="window.blur();">
</FORM>
<HR SIZE="1">
<I>Interested in graduate studies in atmospheric science?
Check out our program at the
<a href="http://www.uwyo.edu/atsc/howtoapply/"
target=_top>University of Wyoming
</a></I>
<HR SIZE="1"><FONT SIZE="-1">
Questions about the weather data provided by this site can be
addressed to <A HREF="mailto:ldoolman@uwyo.edu">
Larry Oolman (ldoolman@uwyo.edu)</A></FONT>
<HR SIZE="1">
<SCRIPT TYPE="text/javascript">
<!--
window.focus();
// -->
</SCRIPT>
</BODY>
</HTML>
