<HTML>
<TITLE>University of Wyoming - Radiosonde Data</TITLE>
<LINK REL="StyleSheet" HREF="/resources/select.css" TYPE="text/css">
<BODY BGCOLOR="white">
<H2>17281  Diyarbakir Observations at 12Z 26 Jul 2016</H2>
<PRE>
-----------------------------------------------------------------------------
   PRES   HGHT   TEMP   DWPT   RELH   MIXR   DRCT   SKNT   THTA   THTE   THTV
    hPa     m      C      C      %    g/kg    deg   knot     K      K      K 
-----------------------------------------------------------------------------
 1000.0    -25                                                               
  926.0    675   37.6    3.6     12   5.38    135      3  317.6  335.2  318.7
  925.0    693   37.4    5.4     14   6.11    125      4  317.6  337.4  318.7
  914.0    802   35.6    5.6     16   6.28     92      7  316.8  337.1  318.0
  910.0    841   35.2    5.4     16   6.20     80      8  316.8  336.8  318.0
  890.0   1042   33.2    4.2     16   5.84    111     11  316.7  335.6  317.8
  878.0   1164   32.3    4.4     17   6.02    130     13  317.0  336.5  318.1
  850.0   1454   30.0    5.0     21   6.47    150      5  317.6  338.5  318.8
  847.0   1485   29.8    5.0     21   6.48    155      2  317.7  338.6  318.9
  837.0   1590   29.1    4.8     21   6.51    230      3  318.0  339.1  319.3
  817.0   1805   27.7    4.6     23   6.56    215     11  318.8  340.1  320.0
  807.0   1914   27.0    4.5     24   6.59    220      7  319.2  340.6  320.4
  798.0   2013   26.4    4.4     24   6.61    207      8  319.5  341.0  320.8
  785.0   2157   25.6    3.6     24   6.35    187      8  320.1  340.9  321.4
  777.0   2247   24.9    3.3     25   6.28    175      9  320.3  340.9  321.5
  749.0   2567   22.3    2.2     27   6.04    210     12  320.9  340.7  322.1
  748.0   2579   22.2    2.2     27   6.03    209     12  320.9  340.7  322.1
  730.0   2789   20.6    1.9     29   6.06    195      9  321.4  341.4  322.6
  721.0   2897   19.8    1.8     30   6.08    201      9  321.6  341.7  322.8
  700.0   3150   17.6    1.6     34   6.18    215     10  321.9  342.3  323.1
  699.0   3162   17.4    1.4     34   6.10    217     10  321.9  341.9  323.0
  695.0   3210   16.9    1.3     35   6.08    225     10  321.9  341.9  323.0
  678.0   3418   14.9    0.8     38   6.04    205      9  321.9  341.8  323.1
  669.0   3530   13.8    0.6     40   6.01    220     12  321.9  341.7  323.1
  652.0   3746   11.7    0.1     45   5.96    205      9  321.9  341.6  323.1
  626.0   4087    8.4   -0.6     53   5.89    227     10  321.9  341.3  323.0
  589.0   4585    3.6    0.2     78   6.64    259     12  321.9  343.7  323.2
  576.0   4766    2.8  -31.2      6   0.49    271     13  323.1  324.9  323.2
  572.0   4822    2.5  -33.5      5   0.40    275     13  323.4  324.9  323.5
  570.0   4850    2.4  -34.6      5   0.36    271     12  323.6  324.9  323.6
  559.0   5007    1.6  -37.4      4   0.28    249     10  324.4  325.5  324.5
  557.0   5035    1.4  -37.6      4   0.27    245      9  324.5  325.6  324.5
  528.0   5458   -2.0  -41.0      3   0.20    270     14  325.4  326.2  325.4
  513.0   5687   -3.9  -42.9      3   0.17    250     13  325.9  326.6  325.9
  500.0   5890   -5.5  -44.5      3   0.15    275     15  326.3  326.9  326.3
  499.0   5906   -5.6  -44.3      3   0.15    275     16  326.3  326.9  326.3
  494.0   5984   -6.3  -43.3      4   0.17    274     18  326.4  327.1  326.4
  484.0   6143   -7.5  -43.5      4   0.17    273     22  326.9  327.5  326.9
  466.0   6437   -8.4  -47.7      3   0.11    270     30  329.3  329.8  329.3
  452.0   6673   -9.1  -51.1      2   0.08    273     33  331.3  331.6  331.3
  423.0   7182  -10.7  -52.7      2   0.07    280     39  335.6  335.9  335.6
  416.0   7311  -11.1  -53.1      2   0.07    280     41  336.7  337.0  336.7
  400.0   7610  -12.5  -54.5      2   0.06    280     44  338.6  338.9  338.7
  394.0   7726  -12.9  -54.9      2   0.06    279     46  339.6  339.9  339.6
  385.0   7902  -13.9  -54.9      2   0.06    277     49  340.5  340.8  340.5
  375.0   8100  -15.1  -55.3      2   0.06    275     53  341.5  341.8  341.5
  336.0   8926  -20.1  -57.1      2   0.05    280     55  345.6  345.8  345.6
  314.0   9426  -22.9  -61.9      2   0.03    283     57  348.4  348.6  348.4
  300.0   9760  -24.5  -62.5      2   0.03    285     58  350.7  350.9  350.7
  298.0   9809  -24.9  -62.9      2   0.03    286     58  350.8  351.0  350.9
  263.0  10699  -32.2  -64.5      3   0.02    295     66  353.0  353.1  353.0
  250.0  11060  -35.1  -65.1      3   0.02    295     69  353.7  353.9  353.8
  232.0  11577  -39.7  -66.7      4   0.02    290     72  354.4  354.5  354.4
  220.0  11939  -41.5  -68.5      4   0.02    286     74  357.0  357.1  357.0
  217.0  12032  -42.3  -69.0      4   0.02    285     74  357.2  357.3  357.3
  207.0  12350  -44.9  -70.9      4   0.01    285     73  358.0  358.0  358.0
  200.0  12580  -46.1  -72.1      4   0.01    285     72  359.6  359.7  359.6
  193.0  12815  -47.9  -72.9      4   0.01    285     69  360.4  360.5  360.4
  176.0  13412  -51.7  -76.7      3   0.01    285     60  363.8  363.8  363.8
  167.0  13752  -53.9  -78.9      3   0.00    285     58  365.6  365.6  365.6
  155.0  14225  -57.7  -80.7      4   0.00    285     55  367.0  367.0  367.0
  150.0  14430  -59.3  -82.3      4   0.00    285     54  367.7  367.7  367.7
  146.0  14599  -60.5  -82.5      4   0.00    286     51  368.5  368.5  368.5
  136.0  15040  -63.1  -85.1      4   0.00    288     44  371.4  371.4  371.4
  128.0  15411  -65.8  -86.9      4   0.00    290     38  373.1  373.2  373.1
  127.0  15459  -66.1  -87.1      4   0.00    287     38  373.4  373.4  373.4
  122.0  15701  -67.3  -87.8      4   0.00    270     36  375.4  375.4  375.4
  114.0  16109  -69.4  -88.9      4   0.00    265     46  378.9  378.9  378.9
  110.0  16324  -70.5  -89.5      5   0.00    280     40  380.8  380.8  380.8
  105.0  16601  -70.7  -89.7      5   0.00    300     32  385.5  385.5  385.5
  101.0  16831  -71.5  -90.5      4   0.00    295     19  388.2  388.2  388.2
  100.0  16890  -71.7  -90.7      4   0.00    285     16  388.9  388.9  388.9
   96.0  17128  -72.9  -91.9      4   0.00    245     19  391.2  391.2  391.2
   93.2  17301  -73.7  -92.7      4   0.00    252     25  392.9  392.9  392.9
   92.0  17376  -73.9  -92.9      4   0.00    255     28  394.0  394.0  394.0
   91.0  17440  -73.6  -92.4      4   0.00    260     30  395.9  395.9  395.9
   86.0  17769  -71.8  -90.0      5   0.00    310     16  405.8  405.8  405.8
   85.0  17837  -71.5  -89.5      5   0.00    295     14  407.8  407.8  407.8
   84.0  17908  -71.2  -89.3      5   0.00    305     17  409.8  409.8  409.8
   79.0  18272  -69.7  -88.5      5   0.00    265      4  420.2  420.2  420.2
   78.0  18347  -69.4  -88.3      5   0.00    245     10  422.4  422.4  422.4
   75.0  18580  -68.4  -87.8      5   0.00    295     12  429.1  429.1  429.1
   74.0  18660  -68.1  -87.6      5   0.00    330      9  431.5  431.5  431.5
   72.0  18822  -67.4  -87.2      5   0.00     40      9  436.3  436.3  436.3
   70.5  18947  -66.9  -86.9      4   0.00     96     10  440.0  440.1  440.0
   70.0  18990  -66.9  -86.9      4   0.00    115     10  440.9  440.9  440.9
   69.0  19078  -66.6  -86.7      4   0.00    155     12  443.4  443.4  443.4
   65.0  19441  -65.2  -85.6      4   0.00    180      5  453.9  454.0  454.0
   64.0  19535  -64.9  -85.3      4   0.00    120      4  456.7  456.8  456.7
   59.0  20030  -63.1  -83.9      4   0.01    105     11  471.5  471.6  471.5
   57.0  20240  -62.3  -83.3      4   0.01    125     13  477.9  478.0  477.9
   56.9  20251  -62.3  -83.3      4   0.01    124     13  478.2  478.3  478.2
   52.6  20736  -60.9  -82.9      4   0.01    100     16  492.4  492.4  492.4
   51.0  20927  -60.4  -83.0      4   0.01     90     17  497.9  497.9  497.9
   50.0  21050  -60.1  -83.1      3   0.01     85     18  501.4  501.5  501.4
   49.3  21138  -59.7  -82.7      4   0.01     91     17  504.4  504.5  504.4
   47.0  21438  -59.0  -82.7      3   0.01    110     15  513.0  513.1  513.0
   46.1  21559  -58.7  -82.7      3   0.01     97     16  516.6  516.6  516.6
   45.0  21711  -58.2  -82.6      3   0.01     80     17  521.3  521.4  521.3
   43.0  21998  -57.4  -82.3      3   0.01    120     21  530.3  530.4  530.3
   42.9  22012  -57.3  -82.3      3   0.01    119     21  530.7  530.8  530.7
   39.1  22602  -55.5  -82.5      2   0.01     92     19  549.5  549.6  549.5
   37.0  22955  -54.9  -82.9      2   0.01     75     18  559.8  559.9  559.9
   35.1  23292  -54.3  -83.3      2   0.01     99     23  569.9  570.0  569.9
   35.0  23310  -54.3  -83.3      2   0.01    100     23  570.4  570.5  570.4
   34.0  23496  -54.2  -83.4      2   0.01     90     22  575.4  575.5  575.4
   30.0  24300  -53.7  -83.7      1   0.01    105     29  597.6  597.8  597.6
   29.0  24518  -53.0  -83.0      1   0.01    105     25  605.2  605.4  605.3
   28.0  24744  -52.4  -82.4      2   0.02     75     28  613.2  613.4  613.2
   27.6  24836  -52.1  -82.1      2   0.02     83     30  616.5  616.7  616.5
   27.0  24978  -51.9  -82.0      2   0.02     95     33  620.9  621.1  620.9
   24.0  25741  -51.0  -81.8      1   0.02    100     24  644.9  645.1  644.9
   23.2  25960  -50.7  -81.7      1   0.02     84     34  652.0  652.2  652.0
   23.0  26017  -50.5  -81.5      1   0.02     80     37  654.1  654.3  654.1
   22.0  26307  -49.7  -80.7      1   0.03     95     33  664.8  665.1  664.8
   21.0  26610  -48.9  -79.9      2   0.03    100     30  676.2  676.6  676.2
   20.0  26930  -47.9  -78.9      2   0.04     98     33  688.8  689.2  688.8
   19.6  27063  -47.7  -78.7      2   0.04     97     35  693.4  693.8  693.4
   19.3  27165  -47.7  -78.7      2   0.04     96     36  696.5  696.9  696.5
   19.0  27268  -47.5  -78.5      2   0.04     95     37  700.2  700.7  700.2
   16.0  28403  -47.1  -79.0      1   0.05     90     29  736.6  737.1  736.6
   15.7  28528  -47.1  -79.1      1   0.05     89     33  740.7  741.3  740.8
   15.0  28830  -46.2  -78.2      1   0.06     85     44  753.4  754.0  753.4
   14.6  29009  -45.7  -77.7      2   0.07     85     37  761.0  761.7  761.0
   14.0  29289  -44.8  -76.8      2   0.08     85     26  773.0  773.9  773.1
   13.5  29532  -44.1  -76.1      2   0.09     83     35  783.6  784.7  783.7
   13.0  29785  -43.6  -76.0      2   0.10     80     45  793.7  794.8  793.7
   12.0  30323  -42.7  -75.7      1   0.11     90     45  815.4  816.7  815.5
   11.0  30912  -41.2  -74.2      2   0.15    100     55  841.5  843.4  841.6
   10.6  31162  -40.5  -73.5      2   0.17    100     50  852.9  855.0  853.0
   10.0  31560  -38.9  -72.9      2   0.20    100     43  873.2  875.7  873.3
    9.5  31913  -37.7  -71.7      2   0.25    105     41  890.6  893.8  890.8
    9.0  32287  -37.4  -71.5      2   0.27    110     38  905.8  909.3  906.0
    8.0  33102  -36.6  -71.2      2   0.32    110     31  939.9  944.1  940.1
    7.2  33831  -35.9  -70.9      2   0.37     90     29  971.4  976.5  971.6
    7.0                                        85     29                     
</PRE><H3>Station information and sounding indices</H3><PRE>
                             Station number: 17281
                           Observation time: 160726/1200
                           Station latitude: 37.54
                          Station longitude: 40.12
                          Station elevation: 675.0
                            Showalter index: 2.02
                               Lifted index: 2.89
    LIFT computed using virtual temperature: 2.26
                                SWEAT index: 84.98
                                    K index: 24.50
                         Cross totals index: 10.50
                      Vertical totals index: 35.50
                        Totals totals index: 46.00
      Convective Available Potential Energy: 0.00
             CAPE using virtual temperature: 0.00
                      Convective Inhibition: 0.00
             CINS using virtual temperature: 0.00
                     Bulk Richardson Number: 0.00
          Bulk Richardson Number using CAPV: 0.00
  Temp [K] of the Lifted Condensation Level: 271.96
Pres [hPa] of the Lifted Condensation Level: 585.63
     Mean mixed layer potential temperature: 316.89
              Mean mixed layer mixing ratio: 6.05
              1000 hPa to 500 hPa thickness: 5915.00
Precipitable water [mm] for entire sounding: 22.14
</PRE>
<P>Description of the 
<A HREF="/upperair/columns.html">data columns</A>
or <A HREF="/upperair/indices.html">sounding indices</A>.

<P>
<FORM>
<INPUT CLASS="button" TYPE="button" VALUE=" Close this window " 
 onClick="window.close();">
<INPUT CLASS="button" TYPE="button" VALUE=" Select another map " 
 onClick="window.blur();">
</FORM>
<HR SIZE="1">
<I>Interested in graduate studies in atmospheric science?
Check out our program at the
<a href="http://www.uwyo.edu/atsc/howtoapply/"
target=_top>University of Wyoming
</a></I>
<HR SIZE="1"><FONT SIZE="-1">
Questions about the weather data provided by this site can be
addressed to <A HREF="mailto:ldoolman@uwyo.edu">
Larry Oolman (ldoolman@uwyo.edu)</A></FONT>
<HR SIZE="1">
<SCRIPT TYPE="text/javascript">
<!--
window.focus();
// -->
</SCRIPT>
</BODY>
</HTML>
