<HTML>
<TITLE>University of Wyoming - Radiosonde Data</TITLE>
<LINK REL="StyleSheet" HREF="/resources/select.css" TYPE="text/css">
<BODY BGCOLOR="white">
<H2>78762 MROC Juan Santamaria Int.Arpt Observations at 12Z 26 Jul 2016</H2>
<PRE>
-----------------------------------------------------------------------------
   PRES   HGHT   TEMP   DWPT   RELH   MIXR   DRCT   SKNT   THTA   THTE   THTV
    hPa     m      C      C      %    g/kg    deg   knot     K      K      K 
-----------------------------------------------------------------------------
 1000.0     65                                                               
  925.0    753                                                               
  916.0    908   19.0   15.3     79  12.07     80      6  299.6  335.1  301.7
  915.3    914   19.1   15.3     79  12.11     60     10  299.8  335.4  301.9
  906.0    993   20.8   15.8     73  12.62     68     11  302.4  339.9  304.6
  883.0   1191   21.0   15.0     69  12.29     87     13  304.8  341.8  307.0
  879.8   1219   20.9   14.8     69  12.21     90     13  304.9  341.7  307.2
  850.0   1485   19.4   13.4     68  11.49     95     10  306.4  341.3  308.6
  816.6   1829   17.8   11.8     68  10.77     85      8  308.3  341.2  310.3
  800.0   2006   17.0   11.0     68  10.41    102     12  309.2  341.2  311.2
  790.0   2113   17.4    9.4     59   9.46    113     15  310.8  340.1  312.6
  788.1   2134   17.2    9.4     60   9.45    115     15  310.8  340.1  312.6
  760.4   2438   14.5    8.8     68   9.40    100     17  311.1  340.3  312.9
  749.0   2566   13.4    8.5     72   9.38    100     19  311.2  340.4  313.0
  733.4   2743   12.8    5.3     60   7.65    100     22  312.4  336.5  313.9
  719.0   2910   12.2    2.2     50   6.28    109     21  313.6  333.5  314.7
  700.0   3134   10.4    3.4     62   7.03    120     20  314.0  336.3  315.3
  687.0   3290    9.6    5.5     76   8.31    124     16  314.8  341.1  316.3
  681.8   3353    9.2    4.9     74   8.03    125     15  315.0  340.5  316.6
  656.8   3658    7.4    2.0     69   6.79    115     14  316.4  338.1  317.7
  632.8   3962    5.6   -0.8     63   5.71    120     15  317.7  336.3  318.8
  609.6   4267    3.8   -3.7     58   4.78     85     16  319.0  334.8  319.9
  565.8   4877    0.2   -9.5     48   3.30     95     11  321.6  332.8  322.3
  560.0   4961   -0.3  -10.3     47   3.13     94     11  322.0  332.7  322.6
  541.0   5236   -2.5   -8.5     63   3.74     91     10  322.6  335.2  323.3
  530.0   5399   -2.1  -14.1     39   2.44     90      9  325.0  333.4  325.4
  529.0   5414   -2.1  -14.1     39   2.44     90      9  325.1  333.6  325.6
  500.0   5860   -5.9  -11.9     63   3.09     85      8  325.8  336.4  326.4
  491.0   6002   -7.3  -12.3     67   3.05     88      9  325.8  336.3  326.4
  485.1   6096   -7.9  -13.6     63   2.77     90      9  326.2  335.8  326.7
  483.0   6130   -8.1  -14.1     62   2.67     93      9  326.3  335.6  326.8
  479.0   6194   -8.5  -17.5     48   2.03    100      9  326.6  333.8  327.0
  477.0   6227   -8.3  -24.3     26   1.13    103      9  327.2  331.4  327.4
  466.4   6401   -9.4  -20.1     42   1.68    120     10  328.0  334.1  328.4
  465.0   6424   -9.5  -19.5     44   1.76    119     10  328.1  334.4  328.5
  463.0   6457   -9.7  -14.6     67   2.68    117     10  328.3  337.7  328.8
  430.7   7010  -13.0  -35.6     13   0.43     90     13  331.0  332.7  331.1
  418.0   7238  -14.3  -44.3      6   0.18     94     10  332.1  332.9  332.1
  410.0   7384  -15.5  -36.5     15   0.41     97      8  332.4  334.0  332.5
  406.0   7458  -16.3  -25.3     46   1.21     98      7  332.3  336.8  332.5
  402.0   7533  -16.3  -38.3     13   0.35     99      6  333.2  334.6  333.3
  400.0   7570  -16.5  -35.5     18   0.47    100      5  333.5  335.3  333.6
  397.3   7620  -16.9  -35.3     19   0.48     85      7  333.6  335.5  333.7
  382.0   7914  -19.1  -34.1     25   0.56     66      7  334.4  336.6  334.6
  377.0   8012  -19.7  -26.7     54   1.15     60      6  334.9  339.2  335.1
  368.0   8191  -20.1  -36.1     23   0.48     48      6  336.7  338.6  336.8
  347.0   8623  -23.1  -39.1     22   0.37     20      6  338.4  339.9  338.4
  322.9   9144  -27.4  -36.0     44   0.55    345      5  339.4  341.6  339.6
  318.0   9255  -28.3  -35.3     51   0.60    341      4  339.7  342.1  339.8
  300.0   9670  -31.7  -40.7     41   0.37    325      2  340.6  342.1  340.7
  283.8  10058  -34.9  -46.2     31   0.21      0      0  341.5  342.4  341.5
  273.0  10328  -37.1  -50.1     25   0.14     61      5  342.1  342.7  342.1
  270.0  10405  -37.7  -45.7     43   0.24     79      6  342.3  343.3  342.3
  259.8  10668  -39.6  -53.4     22   0.10    140     11  343.3  343.7  343.3
  256.0  10769  -40.3  -56.3     16   0.07    140     12  343.7  344.0  343.7
  251.0  10903  -41.7  -53.7     26   0.10    140     13  343.5  344.0  343.6
  250.0  10930  -41.9  -50.9     37   0.14    140     13  343.6  344.3  343.7
  248.4  10973  -42.2  -49.0     47   0.18    135     13  343.8  344.6  343.8
  246.0  11039  -42.7  -46.1     69   0.25    137     13  344.0  345.1  344.1
  235.0  11346  -44.9  -48.7     66   0.20    147     13  345.2  346.1  345.3
  216.3  11887  -50.0  -53.6     66   0.12    165     14  345.5  346.1  345.6
  200.0  12400  -54.9  -58.3     66   0.07    150     12  345.7  346.0  345.7
  190.0  12725  -57.7  -62.5     54   0.04    150     12  346.3  346.5  346.3
  187.7  12802  -58.0  -63.2     51   0.04    150     12  347.0  347.1  347.0
  183.0  12961  -58.7  -64.7     46   0.03    163     13  348.4  348.6  348.4
  178.8  13106  -60.0  -64.7     54   0.04    175     13  348.7  348.8  348.7
  175.0  13240  -61.1  -64.6     63   0.04    192     14  348.9  349.1  348.9
  170.0  13419  -62.3  -70.3     33   0.02    214     14  349.8  349.9  349.8
  163.0  13677  -64.3  -70.3     44   0.02    246     15  350.7  350.8  350.7
  154.0  14021  -66.9  -71.7     51   0.02    290     17  352.0  352.1  352.0
  150.0  14180  -68.1  -72.3     55   0.01    295     12  352.6  352.7  352.6
  146.4  14326  -68.9  -72.9     57   0.01    295     12  353.6  353.7  353.6
  143.0  14467  -69.7  -73.4     58   0.01    310      9  354.6  354.7  354.6
  132.1  14935  -71.6  -76.4     49   0.01      0      0  359.4  359.4  359.4
  125.5  15240  -72.8  -78.3     43   0.01    105     15  362.5  362.5  362.5
  121.0  15455  -73.7  -79.7     40   0.01    121     15  364.7  364.7  364.7
  113.2  15850  -70.6  -84.3     12   0.00    150     14  377.5  377.5  377.5
  111.0  15965  -69.7  -85.7      8   0.00    131     15  381.3  381.3  381.3
  107.5  16154  -71.3  -85.8     10   0.00    100     17  381.8  381.8  381.8
  102.1  16459  -73.9  -85.9     15   0.00    110     22  382.5  382.5  382.5
  100.0  16580  -74.9  -85.9     17   0.00    110     20  382.8  382.8  382.8
   96.8  16764  -76.4  -86.2     20   0.00    110     20  383.4  383.4  383.4
   91.8  17069  -78.9  -86.8     27   0.00     95     18  384.4  384.4  384.4
   89.4  17221  -80.1  -87.1     31   0.00    100     20  384.9  384.9  384.9
   82.5  17678  -78.9  -88.3     21   0.00    100     20  396.2  396.2  396.2
   78.2  17983  -78.2  -89.0     16   0.00     75     15  403.9  403.9  403.9
   77.8  18009  -78.1  -89.1     16   0.00     73     15  404.6  404.6  404.6
   74.1  18288  -75.5  -89.2     10   0.00     50     18  415.8  415.8  415.8
   70.0  18620  -72.3  -89.3      6   0.00     75     39  429.4  429.4  429.4
   67.2  18862  -69.5  -89.5      4   0.00     71     38  440.5  440.5  440.5
   66.8  18898  -69.4  -89.5      4   0.00     70     38  441.4  441.4  441.4
   60.4  19507  -67.9  -89.9      3   0.00     85     50  457.8  457.8  457.8
   57.3  19820  -67.1  -90.1      3   0.00    100     44  466.4  466.4  466.4
   54.5  20117  -67.9  -90.5      3   0.00    115     38  471.3  471.3  471.3
   50.3  20604  -69.1  -91.1      3   0.00     92     45  479.4  479.4  479.4
   50.0  20640  -68.9  -90.9      3   0.00     90     45  480.7  480.7  480.7
   49.3  20726  -68.2  -90.7      3   0.00     85     44  484.2  484.2  484.2
   44.6  21336  -63.6  -89.4      2   0.00     80     38  509.5  509.6  509.6
   42.5  21641  -61.2  -88.7      2   0.00     90     38  522.6  522.6  522.6
   40.6  21917  -59.1  -88.1      1   0.00     82     41  534.7  534.7  534.7
   38.9  22184  -60.5  -87.5      2   0.00     75     45  537.7  537.7  537.7
   36.7  22555  -59.5  -87.0      2   0.01     65     49  549.3  549.3  549.3
   34.9  22860  -58.8  -86.6      2   0.01     80     28  559.0  559.0  559.0
   33.3  23165  -58.0  -86.2      2   0.01     95     34  568.8  568.9  568.8
   30.2  23774  -56.4  -85.4      1   0.01    110     18  589.0  589.1  589.0
   30.0  23820  -56.3  -85.3      1   0.01     65     21  590.6  590.6  590.6
   28.8  24079  -55.3  -85.1      1   0.01     70     15  600.1  600.2  600.1
   27.5  24384  -54.2  -84.8      1   0.01     65     22  611.4  611.5  611.4
   26.2  24689  -53.1  -84.6      1   0.01     90     32  623.0  623.1  623.0
   25.0  24994  -52.0  -84.3      1   0.01    105     14  634.8  634.9  634.8
   24.1  25224  -51.1  -84.1      1   0.01     94     18  643.8  643.9  643.8
   23.8  25298  -51.2  -84.1      1   0.01     90     19  645.6  645.8  645.6
   22.7  25603  -51.5  -84.2      1   0.01     90     41  653.3  653.5  653.3
   20.7  26213  -52.3  -84.3      1   0.02    120     23  669.0  669.1  669.0
   20.6  26239  -52.3  -84.3      1   0.02    116     22  669.6  669.8  669.7
   20.0  26430  -50.7  -83.7      1   0.02     90     16  680.2  680.4  680.2
   19.7  26518  -50.5  -83.6      1   0.02    140     33  683.6  683.8  683.6
   18.8  26822  -49.6  -83.2      1   0.02    130     22  695.3  695.6  695.4
   18.0  27127  -48.7  -82.7      1   0.02     55     27  707.3  707.6  707.3
   17.2  27432  -47.9  -82.3      1   0.03     60     11  719.5  719.8  719.5
   16.4  27737  -47.0  -81.9      1   0.03     70     23  731.9  732.2  731.9
   16.1  27855  -46.7  -81.7      1   0.03     73     26  736.7  737.1  736.7
   14.3  28651  -46.2  -81.2      1   0.04     90     45  763.9  764.3  763.9
   13.6  28956  -46.1  -81.1      1   0.04     70     33  774.6  775.1  774.6
   13.0  29275  -45.9  -80.9      1   0.04     82     34  785.9  786.4  785.9
   11.8  29870  -64.3  -81.1      8   0.05    105     35  742.6  743.1  742.6
   10.8  30413  -81.1  -81.3     97   0.05                700.3  700.8  700.3
</PRE><H3>Station information and sounding indices</H3><PRE>
                         Station identifier: MROC
                             Station number: 78762
                           Observation time: 160726/1200
                           Station latitude: 9.98
                          Station longitude: -84.21
                          Station elevation: 908.0
                            Showalter index: 0.46
                               Lifted index: 0.78
    LIFT computed using virtual temperature: 0.52
                                SWEAT index: 188.81
                                    K index: 31.70
                         Cross totals index: 19.30
                      Vertical totals index: 25.30
                        Totals totals index: 44.60
      Convective Available Potential Energy: 0.00
             CAPE using virtual temperature: 0.14
                      Convective Inhibition: 0.00
             CINS using virtual temperature: -323.38
 Equilibrum Level using virtual temperature: 477.94
             LFCT using virtual temperature: 489.75
                     Bulk Richardson Number: 0.00
          Bulk Richardson Number using CAPV: 0.06
  Temp [K] of the Lifted Condensation Level: 286.89
Pres [hPa] of the Lifted Condensation Level: 817.59
     Mean mixed layer potential temperature: 303.90
              Mean mixed layer mixing ratio: 12.24
              1000 hPa to 500 hPa thickness: 5795.00
Precipitable water [mm] for entire sounding: 34.60
</PRE>
<P>Description of the 
<A HREF="/upperair/columns.html">data columns</A>
or <A HREF="/upperair/indices.html">sounding indices</A>.

<P>
<FORM>
<INPUT CLASS="button" TYPE="button" VALUE=" Close this window " 
 onClick="window.close();">
<INPUT CLASS="button" TYPE="button" VALUE=" Select another map " 
 onClick="window.blur();">
</FORM>
<HR SIZE="1">
<I>Interested in graduate studies in atmospheric science?
Check out our program at the
<a href="http://www.uwyo.edu/atsc/howtoapply/"
target=_top>University of Wyoming
</a></I>
<HR SIZE="1"><FONT SIZE="-1">
Questions about the weather data provided by this site can be
addressed to <A HREF="mailto:ldoolman@uwyo.edu">
Larry Oolman (ldoolman@uwyo.edu)</A></FONT>
<HR SIZE="1">
<SCRIPT TYPE="text/javascript">
<!--
window.focus();
// -->
</SCRIPT>
</BODY>
</HTML>
