<HTML>
<TITLE>University of Wyoming - Radiosonde Data</TITLE>
<LINK REL="StyleSheet" HREF="/resources/select.css" TYPE="text/css">
<BODY BGCOLOR="white">
<H2>93112 NZWP Whenuapai Observations at 00Z 27 Jul 2016</H2>
<PRE>
-----------------------------------------------------------------------------
   PRES   HGHT   TEMP   DWPT   RELH   MIXR   DRCT   SKNT   THTA   THTE   THTV
    hPa     m      C      C      %    g/kg    deg   knot     K      K      K 
-----------------------------------------------------------------------------
 1014.0     27   14.4   13.6     95   9.74    290     12  286.4  313.6  288.1
 1000.0    149   14.4   10.8     79   8.19    288     18  287.6  310.7  289.0
  981.5    305   12.9   10.2     83   7.99    285     25  287.6  310.2  289.0
  946.4    610   10.0    8.9     93   7.61    270     36  287.7  309.2  289.0
  925.0    801    8.2    8.1     99   7.38    267     36  287.7  308.6  289.0
  912.4    914    7.2    6.9     98   6.90    265     36  287.8  307.5  289.0
  912.0    918    7.2    6.9     98   6.89    265     36  287.8  307.4  289.0
  888.0   1137    6.2    2.0     74   5.00    258     35  289.0  303.5  289.9
  879.1   1219    5.6    1.7     76   4.93    255     35  289.2  303.5  290.0
  850.0   1494    3.4    0.5     81   4.69    260     32  289.7  303.4  290.5
  807.0   1913    0.4    0.4    100   4.91    253     29  290.8  305.2  291.7
  785.2   2134    1.5   -2.3     76   4.13    250     27  294.3  306.6  295.0
  783.0   2156    1.6   -2.6     74   4.05    250     27  294.6  306.8  295.4
  777.0   2218    1.2   -2.1     79   4.24    249     27  294.9  307.6  295.6
  772.0   2270    1.4   -8.6     47   2.60    249     27  295.6  303.6  296.1
  770.0   2291    1.2   -4.8     64   3.49    248     28  295.6  306.2  296.2
  764.0   2354    1.8  -30.2      7   0.41    248     28  296.9  298.4  297.0
  747.0   2535    1.0  -12.0     37   2.05    246     28  298.0  304.5  298.4
  741.0   2600    1.8  -32.2      6   0.35    245     29  299.5  300.8  299.6
  714.0   2899    1.4  -37.6      4   0.21    242     30  302.3  303.1  302.3
  709.0   2956    1.0  -48.0      1   0.07    241     30  302.4  302.7  302.5
  700.9   3048    0.5  -45.8      2   0.09    240     30  302.9  303.2  302.9
  700.0   3058    0.4  -45.6      2   0.09    240     30  302.9  303.2  302.9
  598.9   4267   -9.8  -41.2      6   0.17    255     38  304.9  305.6  305.0
  553.6   4877  -14.9  -38.9     11   0.24    265     42  305.8  306.7  305.9
  530.0   5215  -17.7  -37.7     16   0.28    257     46  306.3  307.3  306.3
  520.0   5358  -17.5  -53.5      3   0.05    253     48  308.2  308.4  308.2
  511.1   5486  -18.6  -52.5      3   0.06    250     49  308.3  308.5  308.3
  500.0   5650  -20.1  -51.1      4   0.07    255     49  308.5  308.8  308.5
  420.0   6908  -31.3  -50.3     14   0.09    269     57  309.9  310.2  309.9
  413.9   7010  -32.0  -52.5     11   0.07    270     58  310.2  310.5  310.3
  400.0   7250  -33.7  -57.7      7   0.04    265     64  311.1  311.3  311.1
  389.0   7446  -34.9  -60.9      5   0.03    262     65  312.0  312.1  312.0
  379.4   7620  -34.4  -60.4      5   0.03    260     65  314.9  315.0  314.9
  374.0   7722  -34.1  -60.1      5   0.03    260     73  316.6  316.7  316.6
  334.0   8513  -36.3  -40.9     62   0.32    260    134  324.0  325.2  324.1
  333.0   8534  -36.5  -41.0     63   0.32    260    136  324.0  325.3  324.1
  300.0   9250  -42.7  -45.0     78   0.23    265    140  325.1  326.0  325.1
  288.0   9523  -45.3  -46.6     87   0.20    264    142  325.2  326.0  325.2
  277.0   9781  -47.5  -52.4     57   0.11    263    144  325.6  326.1  325.6
  270.0   9949  -48.7  -51.9     69   0.12    262    145  326.3  326.8  326.3
  261.0  10170  -50.7  -54.2     66   0.09    261    146  326.5  326.9  326.5
  260.0  10195  -50.9  -55.8     56   0.08    261    146  326.6  326.9  326.6
  258.0  10245  -49.9  -87.9      0   0.00    261    147  328.8  328.8  328.8
  250.0  10450  -49.5  -72.5      5   0.01    260    148  332.3  332.4  332.3
  231.0  10972  -47.9  -75.9      3   0.01    262    155  342.4  342.4  342.4
  210.5  11582  -49.8  -78.5      2   0.00    265    164  348.5  348.6  348.6
  200.0  11920  -50.9  -79.9      2   0.00    265    147  352.0  352.0  352.0
  191.7  12192  -51.8  -80.8      2   0.00    265    141  354.8  354.9  354.8
  174.2  12802  -53.9  -82.9      2   0.00    265    143  361.2  361.3  361.2
  158.4  13411  -55.9  -84.9      2   0.00    265    107  367.7  367.8  367.7
  150.0  13760  -57.1  -86.1      1   0.00    270    105  371.5  371.5  371.5
  136.9  14326  -58.8  -86.8      2   0.00    270    101  378.4  378.4  378.4
  118.2  15240  -61.4  -88.0      2   0.00    275     87  389.7  389.7  389.7
  101.0  16219  -64.3  -89.3      2   0.00    266     69  402.1  402.1  402.1
  100.0  16280  -63.9  -88.9      2   0.00    265     68  404.0  404.0  404.0
   97.1  16459  -63.4  -89.1      2   0.00    265     68  408.3  408.3  408.3
   88.0  17069  -61.8  -89.8      1   0.00    280     65  423.3  423.3  423.3
   84.4  17325  -61.1  -90.1      1   0.00    272     56  429.7  429.7  429.7
   79.7  17678  -61.6  -90.3      1   0.00    260     43  435.8  435.8  435.8
   75.9  17983  -62.0  -90.4      1   0.00    275     45  441.1  441.1  441.1
   72.2  18288  -62.4  -90.6      1   0.00    260     41  446.5  446.5  446.5
   70.0  18480  -62.7  -90.7      1   0.00    285     39  449.9  449.9  449.9
   65.4  18898  -63.1  -91.1      1   0.00    285     39  457.8  457.8  457.8
   62.2  19202  -63.5  -91.5      1   0.00    260     35  463.6  463.6  463.6
   61.9  19237  -63.5  -91.5      1   0.00    261     35  464.2  464.2  464.2
   58.3  19608  -60.1  -91.1      1   0.00    273     32  479.9  479.9  479.9
   56.4  19812  -60.8  -91.3      1   0.00    280     30  482.9  482.9  482.9
   53.7  20117  -61.8  -91.7      1   0.00    265     22  487.3  487.3  487.3
   51.1  20422  -62.8  -92.0      1   0.00    275     18  491.8  491.8  491.8
   50.5  20499  -63.1  -92.1      1   0.00    281     25  493.0  493.0  493.0
   50.0  20560  -61.5  -91.5      1   0.00    285     30  498.1  498.1  498.1
   46.4  21031  -58.8  -90.4      1   0.00    295     34  515.4  515.4  515.4
   44.2  21336  -57.1  -89.7      1   0.00    305     23  526.9  526.9  526.9
   43.5  21433  -56.5  -89.5      1   0.00                530.6  530.6  530.6
   42.4  21595  -57.5  -89.5      1   0.00                532.0  532.0  532.0
</PRE><H3>Station information and sounding indices</H3><PRE>
                         Station identifier: NZWP
                             Station number: 93112
                           Observation time: 160727/0000
                           Station latitude: -36.78
                          Station longitude: 174.63
                          Station elevation: 27.0
                            Showalter index: 6.56
                               Lifted index: 1.93
    LIFT computed using virtual temperature: 1.74
                                SWEAT index: 119.00
                                    K index: -22.00
                         Cross totals index: 20.60
                      Vertical totals index: 23.50
                        Totals totals index: 44.10
      Convective Available Potential Energy: 70.61
             CAPE using virtual temperature: 83.02
                      Convective Inhibition: -0.47
             CINS using virtual temperature: -0.18
                           Equilibrum Level: 784.81
 Equilibrum Level using virtual temperature: 776.71
                   Level of Free Convection: 942.91
             LFCT using virtual temperature: 945.22
                     Bulk Richardson Number: 2.06
          Bulk Richardson Number using CAPV: 2.42
  Temp [K] of the Lifted Condensation Level: 283.13
Pres [hPa] of the Lifted Condensation Level: 948.50
     Mean mixed layer potential temperature: 287.45
              Mean mixed layer mixing ratio: 8.20
              1000 hPa to 500 hPa thickness: 5501.00
Precipitable water [mm] for entire sounding: 16.35
</PRE>
<P>Description of the 
<A HREF="/upperair/columns.html">data columns</A>
or <A HREF="/upperair/indices.html">sounding indices</A>.

<P>
<FORM>
<INPUT CLASS="button" TYPE="button" VALUE=" Close this window " 
 onClick="window.close();">
<INPUT CLASS="button" TYPE="button" VALUE=" Select another map " 
 onClick="window.blur();">
</FORM>
<HR SIZE="1">
<I>Interested in graduate studies in atmospheric science?
Check out our program at the
<a href="http://www.uwyo.edu/atsc/howtoapply/"
target=_top>University of Wyoming
</a></I>
<HR SIZE="1"><FONT SIZE="-1">
Questions about the weather data provided by this site can be
addressed to <A HREF="mailto:ldoolman@uwyo.edu">
Larry Oolman (ldoolman@uwyo.edu)</A></FONT>
<HR SIZE="1">
<SCRIPT TYPE="text/javascript">
<!--
window.focus();
// -->
</SCRIPT>
</BODY>
</HTML>
