<HTML>
<TITLE>University of Wyoming - Radiosonde Data</TITLE>
<LINK REL="StyleSheet" HREF="/resources/select.css" TYPE="text/css">
<BODY BGCOLOR="white">
<H2>91285 PHTO Hilo Observations at 12Z 26 Jul 2016</H2>
<PRE>
-----------------------------------------------------------------------------
   PRES   HGHT   TEMP   DWPT   RELH   MIXR   DRCT   SKNT   THTA   THTE   THTV
    hPa     m      C      C      %    g/kg    deg   knot     K      K      K 
-----------------------------------------------------------------------------
 1015.0     12   22.4   19.2     82  13.99    230      6  294.3  334.5  296.8
 1011.0     47   22.8   18.9     79  13.78    222      6  295.0  334.7  297.5
 1006.0     90   24.8   20.2     76  15.05    212      7  297.4  341.2  300.1
 1001.0    134   24.8   20.4     77  15.32    202      7  297.9  342.5  300.6
 1000.0    143   24.8   20.6     77  15.53    200      7  297.9  343.2  300.7
  981.6    305   23.6   19.9     79  15.12    160      7  298.4  342.5  301.1
  947.9    610   21.5   18.5     83  14.36    150      5  299.1  341.2  301.7
  926.0    814   20.0   17.6     86  13.87    126     10  299.7  340.4  302.1
  925.0    823   19.8   17.4     86  13.70    125     10  299.6  339.8  302.0
  915.2    914   19.0   16.8     87  13.33    125     12  299.6  338.8  302.0
  883.3   1219   16.3   14.8     91  12.13    135     11  299.9  335.6  302.1
  880.0   1251   16.0   14.6     91  12.01    134     11  299.9  335.3  302.1
  878.0   1270   16.2   14.2     88  11.73    133     11  300.3  334.9  302.4
  872.0   1329   18.2   11.2     64   9.67    132     11  303.0  332.0  304.7
  859.0   1458   20.6    2.6     30   5.40    128     11  306.8  323.6  307.8
  850.0   1549   20.4    2.4     30   5.38    125     11  307.5  324.4  308.5
  835.0   1702   20.6   -3.4     20   3.58    128      8  309.3  320.8  309.9
  822.8   1829   20.1   -5.0     18   3.21    130      6  310.0  320.4  310.6
  813.0   1932   19.6   -6.4     17   2.93    138      5  310.6  320.2  311.1
  802.0   2049   18.4    1.4     32   5.31    148      5  310.5  327.4  311.5
  794.0   2134   17.6    1.1     33   5.26    155      4  310.6  327.3  311.6
  771.0   2385   15.4    0.4     36   5.14    114     12  310.8  327.1  311.8
  766.2   2438   15.2   -1.7     31   4.42    105     14  311.2  325.3  312.0
  761.0   2495   15.0   -4.0     27   3.75    103     16  311.5  323.7  312.2
  738.9   2743   13.4   -6.3     25   3.26     95     25  312.5  323.1  313.1
  700.0   3196   10.6  -10.4     22   2.49     80     21  314.2  322.5  314.7
  695.0   3256   10.6  -12.4     19   2.13     76     20  314.8  322.1  315.2
  689.0   3328   10.8   -6.2     30   3.51     72     19  315.8  327.4  316.5
  686.9   3353   10.6   -6.3     30   3.49     70     19  315.9  327.4  316.6
  662.1   3658    8.1   -7.6     32   3.29     80     10  316.4  327.3  317.0
  650.0   3811    6.8   -8.2     33   3.19     75     11  316.6  327.2  317.2
  614.5   4267    3.1   -8.2     44   3.38     60     16  317.4  328.7  318.1
  586.0   4653   -0.1   -8.1     55   3.56     73     13  318.1  329.9  318.8
  574.0   4819   -0.9  -12.9     40   2.48     78     11  319.0  327.5  319.5
  569.8   4877   -1.2  -11.6     45   2.78     80     11  319.3  328.7  319.9
  569.0   4889   -1.3  -11.3     47   2.85     79     11  319.4  329.0  319.9
  557.0   5058   -2.3  -12.3     46   2.68     65     10  320.1  329.3  320.7
  551.0   5145   -2.7   -8.7     63   3.62     58      9  320.7  332.8  321.4
  547.0   5202   -2.9  -10.9     54   3.06     53      9  321.1  331.5  321.7
  523.0   5557   -5.3  -10.3     68   3.36     24      7  322.3  333.7  323.0
  518.0   5633   -5.3  -12.3     58   2.89     18      7  323.2  333.1  323.8
  505.0   5832   -6.7  -13.7     57   2.64      1      5  323.9  333.0  324.4
  500.0   5910   -7.3  -14.3     57   2.54    355      5  324.1  332.9  324.6
  493.0   6019   -8.3  -13.3     67   2.80    334      3  324.2  333.8  324.7
  488.1   6096   -8.7  -14.0     65   2.66    320      1  324.6  333.8  325.1
  477.0   6274   -9.7  -15.7     62   2.37    343      0  325.5  333.8  326.0
  469.2   6401  -10.1  -17.4     55   2.09      0      0  326.6  333.9  327.0
  465.0   6469  -10.3  -18.3     52   1.96      9      0  327.1  334.1  327.5
  460.0   6552  -10.5  -24.5     31   1.15     19      0  327.9  332.1  328.1
  447.0   6771  -11.7  -25.7     30   1.06     47      1  329.1  333.0  329.3
  443.0   6840  -11.5  -27.5     25   0.91     56      1  330.2  333.6  330.4
  430.0   7066  -13.5  -24.5     39   1.23     85      2  330.4  335.0  330.7
  426.0   7137  -13.9  -26.9     32   1.00     94      2  330.8  334.6  331.0
  412.0   7389  -15.9  -28.9     32   0.86    126      2  331.4  334.7  331.6
  409.0   7444  -16.3  -27.3     38   1.00    133      3  331.6  335.4  331.8
  400.0   7610  -17.1  -28.1     38   0.95    155      3  332.7  336.3  332.9
  399.5   7620  -17.2  -28.2     38   0.95    155      3  332.7  336.3  332.9
  370.0   8192  -21.5  -31.5     40   0.75    170      7  334.3  337.2  334.5
  349.0   8622  -23.9  -39.9     21   0.34    181     11  336.7  338.1  336.8
  327.0   9094  -28.3  -43.3     22   0.26    194     15  337.0  338.0  337.0
  324.7   9144  -28.6  -44.5     20   0.23    195     15  337.3  338.2  337.3
  305.0   9593  -30.9  -54.9      8   0.07    211     10  340.1  340.4  340.1
  300.0   9710  -31.9  -56.9      7   0.06    215      9  340.3  340.6  340.3
  273.2  10363  -37.2  -53.3     17   0.10    150      2  341.8  342.2  341.8
  273.0  10369  -37.3  -53.3     17   0.10    150      2  341.8  342.2  341.8
  250.0  10970  -42.3  -59.3     14   0.05    155     10  343.0  343.3  343.1
  239.0  11273  -44.7  -62.7     12   0.03    148     10  343.9  344.0  343.9
  222.0  11762  -48.7  -61.7     21   0.04    138     11  345.1  345.2  345.1
  217.8  11887  -49.7  -62.7     20   0.04    135     11  345.4  345.6  345.4
  207.8  12192  -52.1  -65.1     19   0.03    160      9  346.3  346.4  346.3
  200.0  12440  -54.1  -67.1     19   0.02    170     12  346.9  347.1  346.9
  198.2  12497  -54.3  -67.6     18   0.02    165     14  347.4  347.6  347.4
  188.9  12802  -55.6  -70.3     14   0.02    210     22  350.2  350.2  350.2
  187.0  12868  -55.9  -70.9     14   0.01    212     22  350.8  350.8  350.8
  180.0  13106  -58.0  -73.0     13   0.01    220     24  351.1  351.2  351.1
  168.0  13539  -61.9  -76.9     12   0.01    216     18  351.7  351.7  351.7
  163.2  13716  -63.1  -77.3     13   0.01    215     15  352.6  352.7  352.6
  150.0  14230  -66.5  -78.5     17   0.01    230      7  355.3  355.4  355.3
  147.6  14326  -67.3  -79.0     18   0.01    200      5  355.6  355.7  355.6
  142.0  14560  -69.1  -80.1     19   0.00    181     13  356.4  356.4  356.4
  140.3  14630  -69.4  -80.6     18   0.00    175     16  357.1  357.1  357.1
  133.0  14951  -70.7  -82.7     16   0.00    180     12  360.3  360.3  360.3
  132.0  14996  -70.1  -82.1     16   0.00    181     12  362.1  362.1  362.1
  130.0  15087  -67.1  -81.1     12   0.00    183     11  369.1  369.1  369.1
  126.8  15240  -66.1  -80.9     11   0.00    185      9  373.5  373.5  373.5
  126.0  15277  -65.9  -80.9     11   0.00    184      9  374.6  374.6  374.6
  103.0  16478  -74.3  -86.3     14   0.00    154      8  380.7  380.7  380.7
  100.0  16650  -74.9  -86.9     14   0.00    150      8  382.8  382.8  382.8
</PRE><H3>Station information and sounding indices</H3><PRE>
                         Station identifier: PHTO
                             Station number: 91285
                           Observation time: 160726/1200
                           Station latitude: 19.72
                          Station longitude: -155.05
                          Station elevation: 12.0
                            Showalter index: 6.85
                               Lifted index: -0.96
    LIFT computed using virtual temperature: -1.33
                                SWEAT index: 55.78
                                    K index: 9.10
                         Cross totals index: 9.70
                      Vertical totals index: 27.70
                        Totals totals index: 37.40
      Convective Available Potential Energy: 64.81
             CAPE using virtual temperature: 117.38
                      Convective Inhibition: -19.62
             CINS using virtual temperature: -16.65
                           Equilibrum Level: 326.81
 Equilibrum Level using virtual temperature: 324.69
                   Level of Free Convection: 896.23
             LFCT using virtual temperature: 901.85
                     Bulk Richardson Number: 4.51
          Bulk Richardson Number using CAPV: 8.16
  Temp [K] of the Lifted Condensation Level: 292.01
Pres [hPa] of the Lifted Condensation Level: 932.81
     Mean mixed layer potential temperature: 297.89
              Mean mixed layer mixing ratio: 14.94
              1000 hPa to 500 hPa thickness: 5767.00
Precipitable water [mm] for entire sounding: 36.22
</PRE>
<P>Description of the 
<A HREF="/upperair/columns.html">data columns</A>
or <A HREF="/upperair/indices.html">sounding indices</A>.

<P>
<FORM>
<INPUT CLASS="button" TYPE="button" VALUE=" Close this window " 
 onClick="window.close();">
<INPUT CLASS="button" TYPE="button" VALUE=" Select another map " 
 onClick="window.blur();">
</FORM>
<HR SIZE="1">
<I>Interested in graduate studies in atmospheric science?
Check out our program at the
<a href="http://www.uwyo.edu/atsc/howtoapply/"
target=_top>University of Wyoming
</a></I>
<HR SIZE="1"><FONT SIZE="-1">
Questions about the weather data provided by this site can be
addressed to <A HREF="mailto:ldoolman@uwyo.edu">
Larry Oolman (ldoolman@uwyo.edu)</A></FONT>
<HR SIZE="1">
<SCRIPT TYPE="text/javascript">
<!--
window.focus();
// -->
</SCRIPT>
</BODY>
</HTML>
