<HTML>
<TITLE>University of Wyoming - Radiosonde Data</TITLE>
<LINK REL="StyleSheet" HREF="/resources/select.css" TYPE="text/css">
<BODY BGCOLOR="white">
<H2>96253 WIPL Bengkulu Observations at 12Z 26 Jul 2016</H2>
<PRE>
-----------------------------------------------------------------------------
   PRES   HGHT   TEMP   DWPT   RELH   MIXR   DRCT   SKNT   THTA   THTE   THTV
    hPa     m      C      C      %    g/kg    deg   knot     K      K      K 
-----------------------------------------------------------------------------
 1008.0     16   27.2   23.6     81  18.59    160      5  299.7  354.3  303.0
 1000.0     91   27.4   22.4     74  17.39    155     11  300.6  351.8  303.7
  968.0    379   26.4   16.4     54  12.26    163      8  302.4  338.9  304.6
  955.0    498   25.4   19.4     69  15.08    167      7  302.5  347.3  305.2
  945.0    590   26.0   15.0     51  11.47    170      6  304.0  338.5  306.1
  944.0    600   25.9   14.8     50  11.36    170      6  304.1  338.2  306.1
  925.0    778   24.8   11.8     44   9.48    210      4  304.7  333.4  306.4
  913.0    892   24.0   11.0     44   9.10    215      4  305.0  332.6  306.6
  912.0    902   23.9   11.1     44   9.15    215      4  305.0  332.7  306.6
  869.0   1321   19.6   13.6     68  11.39    155      5  304.7  339.0  306.8
  852.0   1491   18.7   13.6     72  11.62    130      5  305.5  340.6  307.7
  850.0   1511   18.6   13.6     73  11.65    125      5  305.6  340.8  307.8
  822.0   1798   16.7   13.1     79  11.62     85      5  306.5  341.7  308.6
  793.0   2106   14.6   12.5     87  11.59     95      8  307.4  342.7  309.6
  785.0   2192   14.0   12.3     89  11.58    104      9  307.7  343.0  309.9
  771.0   2345   14.6    9.6     72   9.82    119     11  309.9  340.3  311.8
  766.0   2400   14.2    9.2     72   9.61    125     12  310.1  339.9  311.9
  713.0   3004   10.4    4.6     67   7.50    125     12  312.3  335.9  313.7
  700.0   3159    9.4    3.4     66   7.03    130     11  312.9  335.1  314.2
  694.0   3230    9.0    2.0     62   6.41    134     10  313.2  333.5  314.4
  663.0   3607    6.1    3.2     82   7.31    155      6  314.0  337.2  315.4
  660.0   3645    5.8    3.3     84   7.40    161      7  314.1  337.6  315.5
  640.0   3895    4.6   -0.5     70   5.81    205     10  315.5  334.2  316.6
  617.0   4193    3.2   -5.0     55   4.31    220     15  317.2  331.3  318.0
  596.0   4474    1.8   -9.2     44   3.21    208     15  318.8  329.5  319.4
  588.0   4583    0.8   -9.2     47   3.26    203     15  318.8  329.7  319.5
  586.0   4610    0.6   -7.4     55   3.76    202     15  318.9  331.4  319.6
  584.0   4638    0.8  -11.2     40   2.80    200     14  319.5  328.9  320.0
  580.0   4693    0.4   -7.6     55   3.74    198     14  319.6  332.1  320.3
  579.0   4707    0.2   -4.8     69   4.65    197     14  319.5  334.9  320.4
  576.0   4749    0.0   -9.0     51   3.38    195     14  319.8  331.1  320.4
  574.0   4776    0.2  -15.8     29   1.95    194     14  320.3  327.1  320.7
  569.0   4847    0.4  -25.6     12   0.84    191     14  321.4  324.4  321.5
  564.0   4917    0.0  -26.0     12   0.82    188     14  321.7  324.7  321.9
  526.0   5471   -3.9  -32.9      8   0.46    163     13  323.5  325.2  323.6
  501.0   5854   -4.9  -38.9      5   0.26    146     13  326.8  327.9  326.9
  500.0   5870   -4.9  -40.9      4   0.22    145     13  327.0  327.9  327.0
  492.0   5996   -5.7  -35.5      7   0.38    140     11  327.6  329.1  327.7
  473.0   6304   -7.5  -22.5     29   1.34    135      9  329.0  333.9  329.3
  467.0   6403   -7.9  -18.9     41   1.85    133      9  329.7  336.4  330.1
  456.0   6588   -9.1  -18.1     48   2.03    130      8  330.5  337.7  330.9
  455.0   6605   -9.2  -18.7     46   1.94    130      8  330.6  337.6  331.0
  444.0   6794   -9.9  -24.9     28   1.15    143     11  332.0  336.3  332.2
  438.0   6899  -10.8  -24.1     33   1.26    150     13  332.2  336.9  332.4
  430.0   7040  -11.9  -22.9     40   1.42    147     14  332.5  337.7  332.8
  409.0   7422  -14.3  -34.3     17   0.51    139     18  334.2  336.2  334.3
  400.0   7590  -15.5  -36.5     15   0.42    135     19  334.8  336.4  334.8
  374.0   8092  -18.9  -46.9      7   0.15    125     16  336.7  337.4  336.8
  359.0   8394  -21.3  -46.3      9   0.17    110     18  337.5  338.2  337.5
  351.0   8559  -22.7  -44.7     12   0.20    102     20  337.8  338.6  337.8
  344.0   8706  -23.7  -32.7     43   0.72     95     21  338.4  341.2  338.5
  337.0   8856  -24.5  -30.5     58   0.90     88     22  339.3  342.8  339.5
  330.0   9007  -25.5  -33.9     45   0.66     80     23  340.0  342.6  340.1
  320.0   9230  -26.9  -38.9     31   0.41     86     26  341.0  342.7  341.1
  300.0   9690  -30.5  -39.5     41   0.41    100     33  342.3  344.0  342.4
  298.0   9738  -31.1  -41.1     37   0.35    100     33  342.1  343.5  342.1
  296.0   9785  -31.3  -39.3     45   0.43    100     33  342.5  344.2  342.6
  291.0   9904  -32.3  -39.8     47   0.41    100     34  342.8  344.5  342.9
  254.0  10852  -39.9  -43.9     65   0.31     82     35  345.0  346.3  345.1
  250.0  10960  -40.7                          80     35  345.4         345.4
  214.0  11991  -49.6                          70     33  347.2         347.2
  200.0  12440  -53.5                          65     35  347.9         347.9
  153.0  14097  -67.5                          70     47  351.7         351.7
  150.0  14220  -68.5                          70     49  351.9         351.9
  125.0  15283  -76.2                          95     60  356.7         356.7
  118.0  15620  -78.7                         105     69  358.1         358.1
  112.0  15921  -75.8                         110     64  368.8         368.8
  105.0  16294  -72.3                          94     46  382.4         382.4
  101.0  16522  -72.8                          85     35  385.8         385.8
  100.0  16580  -72.9                          85     36  386.6         386.6
   96.2  16806  -74.7                          87     31  387.4         387.4
   92.0  17068  -73.1                          90     26  395.6         395.6
   87.5  17361  -71.3                         130      9  404.9         404.9
   87.0  17395  -71.5                         135      7  405.2         405.2
   83.0  17672  -72.8                         235     14  407.9         407.9
   81.6  17772  -73.3                                     408.9         408.9
</PRE><H3>Station information and sounding indices</H3><PRE>
                         Station identifier: WIPL
                             Station number: 96253
                           Observation time: 160726/1200
                           Station latitude: -3.88
                          Station longitude: 102.33
                          Station elevation: 16.0
                            Showalter index: 1.67
                               Lifted index: -0.15
    LIFT computed using virtual temperature: -0.99
                                SWEAT index: 186.18
                                    K index: 31.10
                         Cross totals index: 18.50
                      Vertical totals index: 23.50
                        Totals totals index: 42.00
      Convective Available Potential Energy: 98.57
             CAPE using virtual temperature: 213.39
                      Convective Inhibition: -155.58
             CINS using virtual temperature: -110.55
                           Equilibrum Level: 333.77
 Equilibrum Level using virtual temperature: 329.58
                   Level of Free Convection: 689.16
             LFCT using virtual temperature: 715.19
                     Bulk Richardson Number: 581.53
          Bulk Richardson Number using CAPV: 1258.98
  Temp [K] of the Lifted Condensation Level: 291.03
Pres [hPa] of the Lifted Condensation Level: 883.56
     Mean mixed layer potential temperature: 301.53
              Mean mixed layer mixing ratio: 15.01
              1000 hPa to 500 hPa thickness: 5779.00
Precipitable water [mm] for entire sounding: 43.94
</PRE>
<P>Description of the 
<A HREF="/upperair/columns.html">data columns</A>
or <A HREF="/upperair/indices.html">sounding indices</A>.

<P>
<FORM>
<INPUT CLASS="button" TYPE="button" VALUE=" Close this window " 
 onClick="window.close();">
<INPUT CLASS="button" TYPE="button" VALUE=" Select another map " 
 onClick="window.blur();">
</FORM>
<HR SIZE="1">
<I>Interested in graduate studies in atmospheric science?
Check out our program at the
<a href="http://www.uwyo.edu/atsc/howtoapply/"
target=_top>University of Wyoming
</a></I>
<HR SIZE="1"><FONT SIZE="-1">
Questions about the weather data provided by this site can be
addressed to <A HREF="mailto:ldoolman@uwyo.edu">
Larry Oolman (ldoolman@uwyo.edu)</A></FONT>
<HR SIZE="1">
<SCRIPT TYPE="text/javascript">
<!--
window.focus();
// -->
</SCRIPT>
</BODY>
</HTML>
