03953 -10.25 51.93
04270 -45.43 61.15
04360 -37.63 65.60
08508 -27.06 38.73
32618 165.98 55.20
70026 -156.79 71.28
70133 -162.63 66.86
70200 -165.43 64.50
70219 -161.84 60.78
70231 -155.61 62.96
70261 -147.88 64.81
70273 -150.01 61.16
70308 -170.22 57.16
70316 -162.71 55.20
70326 -156.67 58.68
70350 -152.50 57.75
70361 -139.67 59.51
70398 -131.59 55.05
70414 174.10 52.71
71043 -126.75 65.28
71081 -81.21 68.76
71109 -127.36 50.68
71119 -114.10 53.53
71126 -114.10 53.55
71203 -119.40 49.94
71600 -60.01 43.93
71603 -66.11 43.87
71722 -76.01 46.30
71802 -52.78 47.51
71811 -66.24 50.21
71815 -58.56 48.56
71816 -60.36 53.30
71823 -73.66 53.75
71836 -80.62 51.29
71845 -90.22 51.45
71867 -101.09 53.97
71906 -68.41 58.11
71907 -78.11 58.45
71908 -122.79 53.90
71909 -68.55 63.75
71913 -94.08 58.73
71915 -83.36 64.20
71924 -94.97 74.70
71925 -105.06 69.13
71926 -96.00 64.31
71934 -111.93 60.03
71945 -122.60 58.83
71957 -133.53 68.31
71964 -135.06 60.73
72201 -81.79 24.55
72202 -80.38 25.75
72206 -81.70 30.50
72208 -80.03 32.90
72210 -82.40 27.70
72214 -84.30 30.45
72215 -84.57 33.36
72230 -86.76 33.16
72233 -89.83 30.34
72235 -90.08 32.32
72240 -93.21 30.11
72248 -93.78 32.46
72249 -97.30 32.83
72250 -97.41 25.91
72251 -97.50 27.76
72261 -100.91 29.36
72265 -102.18 31.95
72274 -110.96 32.23
72293 -117.12 32.85
72305 -76.88 34.78
72317 -79.95 36.08
72318 -80.41 37.20
72327 -86.57 36.25
72340 -92.26 34.84
72357 -97.44 35.18
72363 -101.70 35.23
72364 -106.70 31.86
72365 -106.62 35.04
72376 -111.82 35.23
72388 -115.18 36.05
72393 -120.56 34.75
72402 -75.47 37.93
72403 -77.46 38.98
72426 -83.81 39.41
72440 -93.38 37.23
72451 -99.97 37.76
72456 -95.62 39.07
72469 -104.87 39.77
72476 -108.53 39.11
72489 -119.80 39.56
72493 -122.21 37.73
72501 -72.86 40.87
72518 -73.83 42.69
72520 -80.22 40.53
72528 -78.73 42.93
72558 -96.36 41.31
72562 -100.68 41.13
72572 -111.95 40.77
72582 -115.73 40.86
72597 -122.86 42.36
72632 -83.46 42.70
72634 -84.71 44.91
72645 -88.11 44.50
72649 -93.56 44.85
72659 -98.43 45.45
72662 -103.21 44.08
72672 -108.48 43.06
72681 -116.21 43.56
72694 -123.00 44.91
72712 -68.01 46.86
72747 -93.40 48.56
72764 -100.75 46.76
72768 -106.61 48.21
72776 -111.39 47.46
72786 -117.63 47.68
72797 -124.55 47.95
74389 -70.25 43.90
74455 -90.58 41.61
74494 -69.96 41.66
74560 -89.33 40.15
74646 -97.48 36.62
76225 -106.02 28.67
76394
76458 -106.42 23.20
76526 -102.50 22.75
76595
76644 -89.65 20.98
76654 -104.32 19.05
76679 -99.20 19.40
76692 -96.12 19.15
78016 -64.68 32.37
78384 -81.35 19.30
78397 -76.78 17.93
78486 -69.88 18.43
78526 -65.99 18.43
78583 -88.33 17.50
78807
78866 -63.12 18.05
78897 -61.51 16.26
78954 -59.50 13.07
78970 -61.35 10.58
80001 -81.72 12.58
80222 -74.15 4.70
82022 -60.70 2.83
91165 -159.34 21.99
91285 -155.05 19.72
78807
78954 -59.50 13.07
78970 -61.35 10.58
80001 -81.72 12.58
80222 -74.15 4.70
80398 -69.53 -4.55
81405 -52.37 4.83
82022 -60.70 2.83
82099 -51.07 0.05
82026 -55.98 2.48
82193 -48.48 -1.38
82244 -54.72 -2.43
82281 -44.23 -2.60
82332 -59.98 -3.15
82400 -32.41 -3.85
82411 -69.67 -3.67
82532 -61.28 -5.82
82599 -35.25 -5.91
82678 -43.01 -6.76
82705 -72.67 -7.62
82765 -47.46 -7.33
82824 -63.91 -8.76
82917 -67.80 -10.00
82965 -56.10 -9.86
82983 -40.48 -9.38
83208 -60.10 -12.70
83362 -56.10 -15.65
83378 -47.93 -15.86
83498 -39.25 -17.73
83525 -48.22 -18.87
83554 -57.67 -19.00
83566 -43.57 -19.62
83612 -54.66 -20.46
83649 -40.28 -20.27
83746 -43.25 -22.81
83768 -51.13 -23.33
83779 -46.63 -23.52
83827 -54.58 -25.51
83840 -49.16 -25.51
83899 -48.55 -27.67
83928 -57.03 -29.78
83937 -53.70 -29.72
83971 -51.18 -30.00
84203 -79.83 -2.17
85442 -70.45 -23.43
85586 -71.61 -33.65
85799 -73.10 -41.43
85934 -70.85 -53.00
86218 -57.63 -25.26
87155 -59.05 -27.45
87344 -64.22 -31.32
87418 -68.78 -32.83
87576 -58.53 -34.81
87623 -64.26 -36.56
87860 -67.50 -45.78
45004 114.17 22.31
47909 129.55 28.38
47918 124.16 24.33
47945 131.23 25.83
47971 142.18 27.08
47991 153.96 24.30
48855 108.20 16.03
48900 106.66 10.81
57516 106.48 29.51
57679 113.08 28.20
57749 110.00 27.56
57816 106.65 26.48
57957 110.30 25.33
57972 113.03 25.80
57993 114.95 25.85
58606 115.91 28.60
58633 118.86 28.96
58665 121.41 28.61
58725 117.46 27.33
58847 119.28 26.08
59134 118.08 24.48
59211 106.60 23.90
59265 111.30 23.48
59280 113.05 23.66
59316 116.66 23.35
59431 108.21 22.63
59758 110.35 20.03
59981 112.33 16.83
91165 -159.34 21.99
91212 144.79 13.48
91285 -155.05 19.72
91334 151.84 7.46
91348 158.21 6.96
91376 171.29 7.07
91408 134.48 7.34
91413 138.08 9.50
91592 166.45 -22.26
91680 177.45 -17.75
91765 -170.71 -14.33
93112 174.63 -36.78
93417 174.98 -40.90
93844 168.31 -46.41
94120 130.89 -12.42
94461 128.28 -25.03
94672 138.53 -34.95
94866 144.85 -37.66
94975 147.50 -42.83
96147 108.38 3.95
96249 107.75 -2.75
96315 114.93 4.93
96441 113.03 3.20
96471 116.05 5.93
96481 117.88 4.26
96509 117.56 3.33
96529 117.45 2.11
96581 109.40 -0.15
96595 114.90 -0.95
96633 116.90 -1.26
96645 112.70 -2.70
96655 114.00 -1.00
96685 114.75 -3.43
96739 106.65 -6.23
96749 106.65 -6.11
96805 109.01 -7.73
96839 110.38 -6.98
96925 112.63 -5.85
96935 112.76 -7.36
96973 113.96 -7.05
97014 124.91 1.53
97028 120.80 1.01
97072 119.73 -0.68
97120 119.00 -2.50
97180 119.55 -5.06
97192 122.61 -5.46
97230 115.16 -8.75
97240 116.06 -8.53
97270 118.70 -8.55
97300 122.25 -8.63
97340 120.33 -9.66
97372 123.66 -10.16
97430 127.36 0.76
97460 127.50 -1.63
97502 131.11 -0.93
97600 126.00 -2.08
97724 128.08 -3.70
97748 130.83 -3.80
97900 131.30 -7.98
97980 140.38 -8.46
98223 120.53 18.18
98328 120.60 16.41
98433 121.36 14.56
98444 123.73 13.13
98618 118.73 9.75
98646 123.96 10.30
98753 125.65 7.11
93112 174.63 -36.78
93417 174.98 -40.90
93844 168.31 -46.41
89002 -8.25 -70.66
89022 -26.65 -75.50
89062 -68.13 -67.57
89532 39.58 -69.00
89564 62.88 -67.60
89611 110.52 -66.28
89664 166.66 -77.85
01001 -8.66 70.93
01004 11.93 78.91
01010 16.13 69.30
01028 19.00 74.50
01241 9.61 63.71
01415 5.67 58.87
02365 17.45 62.53
02591 18.35 57.65
02836 26.65 67.36
02963 23.50 60.81
03005 -1.18 60.13
03238 -1.52 55.01
03354 -1.25 53.00
04018 -22.60 63.96
04270 -45.43 61.15
04320 -18.66 76.76
04339 -21.95 70.48
04360 -37.63 65.60
04417 -38.45 72.57
06011 -6.76 62.01
10035 9.55 54.53
10113 7.15 53.71
10184 13.40 54.10
10238 9.93 52.81
10393 14.12 52.21
12120 17.53 54.75
12374 20.96 52.40
12425 16.88 51.78
20046 58.05 80.61
20292 104.30 77.71
20674 80.40 73.50
20744 52.70 72.36
21432 137.86 76.00
21824 128.91 71.58
21946 147.88 70.61
22113 33.11 68.98
22217 32.35 67.15
22271 44.13 67.88
22522 34.65 64.95
22543 40.51 64.62
22820 34.26 61.81
22845 38.93 61.50
23078 88.22 69.32
23205 53.03 67.63
23330 66.66 66.53
23415 57.10 65.12
23472 87.93 65.78
23802 50.78 61.68
23884 90.01 61.60
23921 60.45 60.68
23933 69.03 61.01
23955 77.86 60.43
24125 112.43 68.50
24266 133.40 67.56
24343 123.40 66.76
24507 100.23 64.26
24641 121.61 63.76
24688 143.15 63.25
24726 113.86 62.53
24908 102.26 60.33
24944 120.41 60.36
24959 129.71 62.01
25123 161.28 68.75
25400 150.90 65.73
25428 160.53 65.23
25703 152.41 62.91
25913 150.78 59.55
26063 30.70 59.95
26298 34.05 57.90
26477 30.61 56.35
26702 20.55 54.71
26781 32.06 54.75
27038 39.93 59.32
27199 49.63 58.60
27459 44.00 56.26
27595 49.28 55.60
27612 37.95 55.75
27707 35.35 54.10
27730 39.70 54.63
27962 45.01 53.11
27995 49.43 52.98
28225 56.20 57.95
28275 68.25 58.15
28445 61.06 56.73
28661 65.40 55.46
28698 73.40 54.93
28722 55.83 54.71
28951 63.62 53.23
29231 82.95 58.31
29263 92.15 58.45
29282 97.45 58.38
29572 92.61 56.18
29612 78.36 55.33
29634 82.95 54.96
29698 99.03 54.88
29839 83.81 53.35
29862 91.31 53.76
30054 112.58 59.45
30230 108.06 57.76
30309 101.75 56.28
30372 118.26 56.90
30554 113.58 54.48
30673 119.73 53.75
30715 103.85 52.48
30758 113.48 52.08
30965 116.51 50.40
31004 125.36 58.61
31088 143.20 59.36
31168 138.15 56.45
31300 127.30 53.70
31369 140.70 53.15
31510 127.50 50.53
31538 132.13 50.07
31736 135.23 48.53
31770 140.27 49.00
31873 133.73 45.86
31977 132.05 43.26
32061 142.16 50.90
32098 143.10 49.22
32150 142.71 46.95
32215 156.13 50.68
32389 160.83 56.31
32477 155.97 54.30
32540 158.58 53.08
32618 165.98 55.20
33041 30.95 52.40
33345 30.56 50.40
33791 33.21 48.03
34009 36.16 51.76
34122 39.25 51.65
34172 46.03 51.56
34247 41.05 50.41
34467 44.35 48.68
34731 39.81 47.25
34858 43.35 45.91
34882 48.03 46.27
35121 55.10 51.68
35229 57.15 50.28
35700 51.91 47.11
36003 76.93 52.30
37011 39.07 44.10
37055 43.10 44.22
37259 47.48 43.01
47401 141.68 45.41
50527 119.75 49.21
50557 125.23 49.16
50774 128.90 47.71
50953 126.76 45.75
70026 -156.79 71.28
70133 -162.63 66.86
70200 -165.43 64.50
70219 -161.84 60.78
70231 -155.61 62.96
70261 -147.88 64.81
70273 -150.01 61.16
70308 -170.22 57.16
70316 -162.71 55.20
70326 -156.67 58.68
70350 -152.50 57.75
70361 -139.67 59.51
70398 -131.59 55.05
71043 -126.75 65.28
71081 -81.21 68.76
71082 -62.35 82.50
71109 -127.36 50.68
71119 -114.10 53.53
71126 -114.10 53.55
71203 -119.40 49.94
71802 -52.78 47.51
71811 -66.24 50.21
71815 -58.56 48.56
71816 -60.36 53.30
71823 -73.66 53.75
71867 -101.09 53.97
71906 -68.41 58.11
71907 -78.11 58.45
71908 -122.79 53.90
71909 -68.55 63.75
71913 -94.08 58.73
71915 -83.36 64.20
71917 -85.93 79.98
71924 -94.97 74.70
71925 -105.06 69.13
71926 -96.00 64.31
71934 -111.93 60.03
71945 -122.60 58.83
71957 -133.53 68.31
71964 -135.06 60.73
72797 -124.55 47.95
01241 9.61 63.71
01415 5.67 58.87
02365 17.45 62.53
02591 18.35 57.65
02963 23.50 60.81
03005 -1.18 60.13
03238 -1.52 55.01
03354 -1.25 53.00
03502 -4.57 52.13
03808 -5.32 50.22
03953 -10.25 51.93
06011 -6.76 62.01
06610 6.95 46.81
07110 -4.42 48.45
07145 2.00 48.76
07510 -0.68 44.83
07645 4.40 43.85
07761 8.80 41.92
08579 -9.13 38.76
10035 9.55 54.53
10113 7.15 53.71
10184 13.40 54.10
10238 9.93 52.81
10393 14.12 52.21
10410 6.97 51.40
10548 10.38 50.56
10618 7.33 49.70
10739 9.20 48.83
10771 11.90 49.43
10868 11.55 48.25
11035 16.36 48.25
11520 14.45 50.01
11747 17.13 49.45
11952 20.31 49.03
12120 17.53 54.75
12374 20.96 52.40
12425 16.88 51.78
12843 19.18 47.43
13275 20.42 44.76
14240 16.03 45.82
14430 15.34 44.10
15420 26.13 44.50
15614 23.38 42.65
16044 13.18 46.03
16080 9.28 45.43
16113 7.61 44.53
16245 12.43 41.65
16320 17.95 40.65
16429 12.50 37.91
16546 8.85 39.35
16716 23.73 37.90
17030 36.30 41.28
17064 29.15 40.90
17130 32.88 39.95
17220 27.16 38.43
17240 30.55 37.75
17351 35.35 36.98
17516
17600 32.48 34.71
17607 33.40 35.15
17609 33.63 34.88
22820 34.26 61.81
22845 38.93 61.50
26063 30.70 59.95
26298 34.05 57.90
26477 30.61 56.35
26702 20.55 54.71
26781 32.06 54.75
27038 39.93 59.32
27199 49.63 58.60
27459 44.00 56.26
27595 49.28 55.60
27612 37.95 55.75
27707 35.35 54.10
27730 39.70 54.63
27962 45.01 53.11
27995 49.43 52.98
33041 30.95 52.40
33345 30.56 50.40
33791 33.21 48.03
34009 36.16 51.76
34122 39.25 51.65
34172 46.03 51.56
34247 41.05 50.41
34467 44.35 48.68
34731 39.81 47.25
37011 39.07 44.10
60390 3.21 36.68
08508 -27.06 38.73
08522 -16.90 32.63
08579 -9.13 38.76
08594
16429 12.50 37.91
16546 8.85 39.35
16716 23.73 37.90
17220 27.16 38.43
17240 30.55 37.75
17281 40.12 37.54
17351 35.35 36.98
17516
17600 32.48 34.71
17607 33.40 35.15
17609 33.63 34.88
40179 34.81 32.00
40373 46.13 28.31
40375 36.60 28.38
40394 41.68 27.43
40417 49.81 26.45
40430 39.70 24.55
40437 46.71 24.93
40706
40745 59.63 36.26
40754 51.35 35.68
40766 47.11 34.26
40809 59.20 32.86
40841 56.96 30.25
40948 69.21 34.55
41024 39.18 21.70
41112 42.65 18.23
60018 -16.38 28.47
60096
60390 3.21 36.68
60571 -2.25 31.50
60630 2.50 27.23
60656 -8.16 27.70
60680 5.52 22.78
61024 7.98 16.96
61052 2.16 13.48
61291 -7.95 12.53
61415 -17.03 20.93
61442 -15.95 18.10
61641 -17.50 14.73
61980 55.53 -20.88
63985 55.53 -4.66
64400 11.90 -4.81
64500
64650 18.51 4.40
64750 18.38 9.15
64910 9.70 4.01
65503 -1.51 12.35
67197 46.95 -25.03
68512 17.90 -29.66
68816 18.60 -33.96
68842 25.61 -33.98
29839 83.81 53.35
29862 91.31 53.76
30715 103.85 52.48
30758 113.48 52.08
30935 108.75 50.36
30965 116.51 50.40
31510 127.50 50.53
31538 132.13 50.07
31736 135.23 48.53
31873 133.73 45.86
31977 132.05 43.26
32150 142.71 46.95
35394 73.15 49.80
35671 67.71 47.80
36003 76.93 52.30
36096 94.50 51.71
36872 77.00 43.36
38064 65.52 44.77
40745 59.63 36.26
40809 59.20 32.86
40948 69.21 34.55
41883 89.36 24.85
41891
41923 90.38 23.76
42101 76.46 30.33
42182 77.20 28.58
42339 73.01 26.30
42379 83.36 26.75
42809 88.45 22.65
42867 79.05 21.10
42971 85.83 20.25
43003 72.85 19.11
43279 80.18 13.00
43285 74.83 12.95
43295 77.58 12.96
43333
43413 79.91 8.98
44212 92.05 49.59
44292 106.52 47.55
44373 104.25 43.35
45004 114.17 22.31
47058
47102 124.63 37.97
47122 127.03 37.10
47138 129.38 36.03
47158 126.81 35.11
47169 125.45 34.68
47185 126.16 33.28
47401 141.68 45.41
47412 141.33 43.05
47418 144.40 42.98
47580 141.38 40.70
47582 140.10 39.71
47600 136.90 37.38
47646 140.13 36.05
47678 139.78 33.11
47681 137.70 34.75
47741 133.07 35.45
47778 135.76 33.45
47807 130.38 33.58
47827 130.55 31.55
47909 129.55 28.38
47918 124.16 24.33
47945 131.23 25.83
48327
48354
48407
48431
48453 100.60 13.67
48477 100.98 12.68
48551
48568
48601 100.26 5.30
48615 102.28 6.16
48620 100.70 4.21
48650 101.70 2.71
48657 103.21 3.78
48698 103.98 1.36
48820 105.80 21.01
48855 108.20 16.03
48900 106.66 10.81
50527 119.75 49.21
50557 125.23 49.16
50774 128.90 47.71
50953 126.76 45.75
51076 88.08 47.73
51156 85.72 46.78
51431 81.33 43.95
51463 87.62 43.78
51644 82.95 41.71
51709 75.98 39.46
51777 88.16 39.03
51828 79.93 37.13
51839 82.71 37.06
52203 93.51 42.81
52267 101.06 41.95
52323 97.03 41.80
52418 94.68 40.15
52533 98.48 39.76
52681 103.08 38.63
52818 94.90 36.41
52836 98.10 36.30
52866 101.75 36.71
52983 104.15 35.87
53068 112.00 43.65
53463 111.68 40.81
53513 107.40 40.76
53614 106.21 38.48
53772 112.55 37.78
53845 109.50 36.60
53915 106.66 35.55
54102 116.06 43.95
54135 122.26 43.60
54161 125.21 43.90
54218 118.96 42.26
54292 129.46 42.88
54342 123.43 41.76
54374 126.91 41.71
54511 116.28 39.93
54662 121.63 38.90
54727 117.55 36.70
54857 120.33 36.06
55299 92.06 31.48
55591 91.13 29.66
56029 97.01 33.01
56080 102.90 35.00
56137 97.16 31.15
56146 100.00 31.61
56187 103.83 30.70
56571 102.26 27.90
56691 104.28 26.86
56739 98.48 25.11
56778 102.68 25.01
56964 100.98 22.76
56985 103.38 23.38
57067 111.02 34.00
57083 113.65 34.71
57127 107.03 33.06
57131 108.97 34.43
57178 112.58 33.03
57447 109.46 30.28
57461 111.30 30.70
57494 114.13 30.61
57516 106.48 29.51
57679 113.08 28.20
57749 110.00 27.56
57816 106.65 26.48
57957 110.30 25.33
57972 113.03 25.80
57993 114.95 25.85
58027 117.15 34.28
58150 120.25 33.76
58203 115.73 32.86
58238 118.80 32.00
58362 121.46 31.40
58424 117.05 30.53
58457 120.16 30.23
58606 115.91 28.60
58633 118.86 28.96
58665 121.41 28.61
58725 117.46 27.33
58847 119.28 26.08
59134 118.08 24.48
59211 106.60 23.90
59265 111.30 23.48
59280 113.05 23.66
59316 116.66 23.35
59431 108.21 22.63
59758 110.35 20.03
59981 112.33 16.83
96009 97.20 5.23
96035 98.68 3.56
96075 97.63 1.50
96091 104.53 0.91
96109 101.45 0.46
96147 108.38 3.95
96163 100.35 -0.88
96171 102.31 0.33
96179 104.58 -0.48
96195 103.65 -1.63
96221 104.70 -2.90
96237 106.13 -2.16
96249 107.75 -2.75
96253 102.33 -3.88
96295 105.18 -5.10
96315 114.93 4.93
96441 113.03 3.20
96471 116.05 5.93
96481 117.88 4.26
96509 117.56 3.33
96529 117.45 2.11
96581 109.40 -0.15
96595 114.90 -0.95
96633 116.90 -1.26
96645 112.70 -2.70
96655 114.00 -1.00
96685 114.75 -3.43
96739 106.65 -6.23
96749 106.65 -6.11
96805 109.01 -7.73
96839 110.38 -6.98
96925 112.63 -5.85
96935 112.76 -7.36
96973 113.96 -7.05
97014 124.91 1.53
97028 120.80 1.01
97072 119.73 -0.68
97120 119.00 -2.50
97180 119.55 -5.06
97192 122.61 -5.46
97230 115.16 -8.75
97240 116.06 -8.53
97270 118.70 -8.55
97300 122.25 -8.63
97340 120.33 -9.66
97372 123.66 -10.16
97430 127.36 0.76
97460 127.50 -1.63
97600 126.00 -2.08
98223 120.53 18.18
98328 120.60 16.41
98433 121.36 14.56
98444 123.73 13.13
98618 118.73 9.75
98646 123.96 10.30
98753 125.65 7.11
12374 20.96 52.40
15420 26.13 44.50
15614 23.38 42.65
16716 23.73 37.90
17030 36.30 41.28
17064 29.15 40.90
17095 39.90 41.28
17130 32.88 39.95
17220 27.16 38.43
17240 30.55 37.75
17281 40.12 37.54
17351 35.35 36.98
17516
17600 32.48 34.71
17607 33.40 35.15
17609 33.63 34.88
27962 45.01 53.11
27995 49.43 52.98
28951 63.62 53.23
33041 30.95 52.40
33345 30.56 50.40
33791 33.21 48.03
34009 36.16 51.76
34122 39.25 51.65
34172 46.03 51.56
34247 41.05 50.41
34467 44.35 48.68
34731 39.81 47.25
34858 43.35 45.91
34882 48.03 46.27
35121 55.10 51.68
35229 57.15 50.28
35700 51.91 47.11
37011 39.07 44.10
37055 43.10 44.22
37259 47.48 43.01
40179 34.81 32.00
40373 46.13 28.31
40375 36.60 28.38
40394 41.68 27.43
40417 49.81 26.45
40430 39.70 24.55
40437 46.71 24.93
40706
40745 59.63 36.26
40754 51.35 35.68
40766 47.11 34.26
40809 59.20 32.86
40841 56.96 30.25
41024 39.18 21.70
41112 42.65 18.23
